2.061847595736731478e+02,1.373534368523981186e+02,4.482735824916346701e+01,3.962720545578955011e+01
2.082048025292947386e+02,1.377902552184736180e+02,4.419187976292215581e+01,3.946638145040472523e+01
2.113306248027176935e+02,1.387924121569440956e+02,4.358300961447031341e+01,3.923828593332535775e+01
2.162931624521788763e+02,1.409997103377833696e+02,4.295604468867014702e+01,3.891692714122726215e+01
2.195498710130044913e+02,1.422444053800357722e+02,4.242410849110578397e+01,3.848031936714946255e+01
2.229245116232697228e+02,1.432706425876367575e+02,4.183315230577886723e+01,3.789732690912700264e+01
2.266296457733369039e+02,1.444897051126818894e+02,4.114822034683055563e+01,3.714843547262100287e+01
2.297532585504887948e+02,1.456469738452312015e+02,4.036460344637595199e+01,3.629243322591801757e+01
2.331578164098721402e+02,1.467672408713519872e+02,3.944052013715085536e+01,3.556945197574793838e+01
2.358130674846656802e+02,1.479069526477063050e+02,3.914615831390892708e+01,3.461980122346568578e+01
2.371711946879862580e+02,1.490212261141751640e+02,3.974373896282668284e+01,3.340888818550311612e+01
2.386223510365236962e+02,1.501382403185004932e+02,4.014415101270645891e+01,3.196021627890502259e+01
2.399367726278964028e+02,1.513275872392919723e+02,4.035514872142175591e+01,3.024643428041892435e+01
2.413017904110559755e+02,1.525259635683182466e+02,4.032414872025398722e+01,2.836029990851474736e+01
2.425688735361688941e+02,1.519723935657810330e+02,4.007033912307451828e+01,2.802113698464458480e+01
2.437146963642995843e+02,1.498205804759850253e+02,3.959471535328367509e+01,2.923741774005762295e+01
2.450663732998681894e+02,1.475690691825902263e+02,3.889181867434007245e+01,3.067080383428316281e+01
2.461175861796319850e+02,1.454869272275278149e+02,3.801938997328255709e+01,3.187779292122030483e+01
2.470670024739056885e+02,1.435345651436706191e+02,3.701971372245196790e+01,3.285079428663036083e+01
2.479372479704242380e+02,1.415772592418499585e+02,3.588676996818904286e+01,3.369625702970699876e+01
2.486182550133003701e+02,1.396357309715852182e+02,3.470053254945702292e+01,3.439261374614468991e+01
2.490737307767072366e+02,1.378404863646381102e+02,3.346627094883712061e+01,3.500068679655220194e+01
2.492854259804933577e+02,1.361701757222810443e+02,3.226352302981086950e+01,3.547683073437414691e+01
2.493794988166102939e+02,1.346147702700184539e+02,3.206815980197342242e+01,3.590641527973141933e+01
2.490005048934926890e+02,1.332940625937960704e+02,3.217822271831494163e+01,3.635165118685188190e+01
2.486683982472700052e+02,1.321068573640231136e+02,3.222176961547214091e+01,3.677462488104646354e+01
2.479458571585624895e+02,1.312021879705406207e+02,3.224050053753967404e+01,3.711898404692180975e+01
2.468427612679826098e+02,1.306374604216507862e+02,3.226007193863432576e+01,3.741301573118352053e+01
2.456783862439521329e+02,1.302617915738120757e+02,3.224482099283082448e+01,3.778340330526916091e+01
2.440197988277811305e+02,1.302622806495647581e+02,3.223392295026542342e+01,3.813312035725689952e+01
2.422181900522986382e+02,1.305439746812627106e+02,3.221927522045754699e+01,3.844218139264549450e+01
2.401351274801980651e+02,1.309714210614804131e+02,3.224346492341047110e+01,3.869705524311197564e+01
2.377326272976046653e+02,1.318253013212055862e+02,3.230281641604113929e+01,3.886948961377646583e+01
2.349631255289223759e+02,1.327457334805112055e+02,3.234586173862760461e+01,3.895092628495333997e+01
2.318212915474736064e+02,1.339273163127370481e+02,3.232041484499336548e+01,3.891600061339207173e+01
2.282593472863392776e+02,1.353818752679191277e+02,3.223241529832887409e+01,3.875740742548074991e+01
2.251586372562381939e+02,1.368055412836199025e+02,3.201534629569562185e+01,3.841132135488712152e+01
2.211218945024144205e+02,1.385880963891850399e+02,3.166609357114208478e+01,3.784338733901702767e+01
2.171021174922098567e+02,1.405780643176627507e+02,3.104996671032839117e+01,3.730564425960525909e+01
2.131554360427908819e+02,1.427326448130160372e+02,3.020698557173821541e+01,3.672645638232134502e+01
2.089637842573519322e+02,1.450797544651616136e+02,2.897109581264257372e+01,3.593432272942382610e+01
2.046930325959700099e+02,1.475469601321790662e+02,2.737192861247132214e+01,3.488216305556758812e+01
1.997576175088895525e+02,1.500264531827526184e+02,2.614339958306749168e+01,3.357270803113925695e+01
1.937836649916630449e+02,1.525544080326064034e+02,2.538989167590602847e+01,3.202174535318161475e+01
1.876489525161235008e+02,1.531918688195444247e+02,2.457073508471543732e+01,3.230926315746376076e+01
1.816289848948076440e+02,1.510930753982913473e+02,2.471729600731609366e+01,3.538009101569096515e+01
1.752147337109426530e+02,1.488476726877387364e+02,2.466361635933043317e+01,3.806634821219063269e+01
1.687468082849023858e+02,1.463596032859713603e+02,2.445314602421927930e+01,4.033658699336865538e+01
1.622853912205761162e+02,1.438922992094196331e+02,2.416377942588727024e+01,4.217811675855475073e+01
1.554771774564324573e+02,1.413243458951886851e+02,2.379827746157562274e+01,4.368353440859328884e+01
1.487756573536664746e+02,1.387600388168315817e+02,2.343055837920306317e+01,4.489043806497824107e+01
1.420117628081574139e+02,1.361578456504279870e+02,2.303951813719140773e+01,4.584430559054860055e+01
1.353329683591387891e+02,1.336335440553482101e+02,2.269014943113776894e+01,4.661829118321222154e+01
1.287021610433514809e+02,1.310253781633060726e+02,2.237263494106557005e+01,4.725087051508921832e+01
1.221862511110454932e+02,1.283617444752324843e+02,2.210844407199513739e+01,4.778668264832305113e+01
1.160015850600464375e+02,1.257372813298356249e+02,2.191167208007780687e+01,4.826960132274759019e+01
1.099627905750932229e+02,1.232335128546870351e+02,2.173476775378297532e+01,4.874493878554079629e+01
1.043477411450851235e+02,1.207454856820526317e+02,2.163498567184059596e+01,4.920545201802529789e+01
9.788128386929619751e+01,1.176243368082271559e+02,2.153858948946921714e+01,4.959359709756927259e+01
9.304974818960100436e+01,1.154949968751899263e+02,2.159860629901331208e+01,4.993764725540522420e+01
8.866026364145147909e+01,1.134938876379640504e+02,2.174079633893862251e+01,5.032363340563496479e+01
8.471633996150947610e+01,1.114590419159810892e+02,2.197622442351206473e+01,5.068774677853383537e+01
8.129503172348729834e+01,1.096429233800764820e+02,2.236746565084935412e+01,5.101032684189429744e+01
7.984283343924988685e+01,1.093659967075820134e+02,2.283960837568997704e+01,5.125732475323118820e+01
7.720110063349108032e+01,1.080546013106356753e+02,2.334603418300034150e+01,5.135497845597457456e+01
7.527233496669551016e+01,1.076362317023381792e+02,2.393001881861721358e+01,5.128779461556366925e+01
7.392426210250067697e+01,1.072842347376818566e+02,2.453599061012425864e+01,5.101248107071330651e+01
7.315411683418962241e+01,1.076270157957116851e+02,2.515586859551122245e+01,5.051064993360998301e+01
7.344320648972669119e+01,1.082804867229840085e+02,2.573053018268903713e+01,4.980636428446565844e+01
7.384739718532537722e+01,1.091352726302753240e+02,2.625119054357435289e+01,4.880186618425315714e+01
7.494077106342216155e+01,1.101954386921561877e+02,2.672574679090733696e+01,4.755772339055386055e+01
7.634272728197569791e+01,1.117630783831699546e+02,2.708371401244910714e+01,4.608718043738724646e+01
7.867273880205351588e+01,1.135975344701107872e+02,2.730359180571844036e+01,4.450963873973623208e+01
8.187900883491472825e+01,1.142997141037540416e+02,2.728350824812322628e+01,4.497236111072999165e+01
8.561352198991805551e+01,1.147986306385708986e+02,2.711632473012990374e+01,4.543877930457966841e+01
8.965550324043013575e+01,1.161073232509126427e+02,2.668005573801517016e+01,4.572503648414685529e+01
9.438153931809262076e+01,1.176194226214633574e+02,2.603792057103082414e+01,4.593476242050293479e+01
9.976659493718447891e+01,1.197788484154056619e+02,2.508431080262640478e+01,4.605168449745386283e+01
1.056829781808020243e+02,1.224734182169428607e+02,2.607329856455299932e+01,4.597751447743831932e+01
1.121364415707424484e+02,1.254217228355709466e+02,2.726973985516372068e+01,4.570430998070428075e+01
1.190317058094124718e+02,1.277346957486597745e+02,2.832009449103523480e+01,4.627976479846624613e+01
1.262811638046333940e+02,1.300240600604351755e+02,2.929763159412399887e+01,4.714879344418775986e+01
1.329589393642766026e+02,1.325602576023346728e+02,3.087774449817072764e+01,4.773476069873387928e+01
1.398595513188962798e+02,1.353943951141858975e+02,3.233274747158199602e+01,4.813056906390400513e+01
1.468405529662199172e+02,1.384681932376062434e+02,3.360067768186320336e+01,4.809396824551870964e+01
1.539793359490958267e+02,1.419469780758444415e+02,3.456641378061937075e+01,4.760914511847659014e+01
1.611101666056570707e+02,1.455075397585666508e+02,3.522081932007489513e+01,4.653487249115190139e+01
1.684377234219081458e+02,1.492645273460992712e+02,3.548373648879467623e+01,4.481478667559002815e+01
1.759868408078152697e+02,1.529821175656300625e+02,3.535477745973020092e+01,4.240898455659282718e+01
1.840862569654478591e+02,1.574553581906002364e+02,3.498569310965834234e+01,3.910557432067719219e+01
1.896866898449929124e+02,1.609248480563315695e+02,3.776123688746829998e+01,3.535844389376683239e+01
1.939358870907774417e+02,1.647072763452248978e+02,4.101501190328758639e+01,3.120348333030489130e+01
1.983051028830306848e+02,1.673520769517438112e+02,4.364269582695496297e+01,2.787083896285582796e+01
2.028896024951845334e+02,1.670896242251598949e+02,4.559170052281899643e+01,2.886632456570853833e+01
2.074334608372537332e+02,1.663337458333165841e+02,4.689825302095925963e+01,3.028239663722877140e+01
2.121573452637209130e+02,1.651340598392818038e+02,4.758210493227312554e+01,3.175414692353857049e+01
2.166788579158599930e+02,1.634415804093483473e+02,4.777477351163580011e+01,3.324516300411724501e+01
2.207094890592519505e+02,1.615248112018359166e+02,4.754841765919218233e+01,3.463732608538396107e+01
2.247964728782196175e+02,1.592432815931544496e+02,4.717867539573001068e+01,3.590843340357909597e+01
2.284509708451202243e+02,1.570629018209389187e+02,4.656642820187036591e+01,3.687138627247759359e+01
2.311527570733042865e+02,1.539591258995276917e+02,4.580049390337714499e+01,3.777628032958921267e+01
2.345764495549844355e+02,1.531348624087097789e+02,4.491250225135979690e+01,3.919147136681860388e+01
2.368772399166018090e+02,1.515645831698003860e+02,4.415617369427042149e+01,4.013595888343752449e+01
2.386427676190826901e+02,1.502605332795766913e+02,4.347322317697273775e+01,4.068296178198664848e+01
2.395773920498911025e+02,1.487389789639498190e+02,4.281806292916400025e+01,4.085791131728819892e+01
2.400417884229112246e+02,1.473340349340240607e+02,4.220634510449400523e+01,4.072811219394273508e+01
2.396840278361515857e+02,1.461634300189189446e+02,4.165859613142117723e+01,4.038930470179633403e+01
2.377471548147427143e+02,1.442713451127186204e+02,4.119941224297338067e+01,3.996974694827667918e+01
2.384395277359311933e+02,1.429608956096572001e+02,4.063177436438294876e+01,3.942214785220460271e+01
2.357799432587441970e+02,1.418561938404363332e+02,4.019000801778372534e+01,3.889519271565666259e+01
2.336340301366697645e+02,1.401302002802888467e+02,3.965488530231044706e+01,3.832447483097914187e+01
2.297626664035043689e+02,1.390286644167390762e+02,3.911820694138631893e+01,3.772014893260157464e+01
2.264601607276452171e+02,1.374593488819786558e+02,3.867014012787851129e+01,3.697096397520789424e+01
2.225186522871869101e+02,1.361910758864951276e+02,3.822981544963511169e+01,3.603049043010494756e+01
2.183905259776202570e+02,1.350692296587982071e+02,3.768700703164608967e+01,3.480806436070253085e+01
2.140980549965333637e+02,1.342562259254310675e+02,3.705437332126726346e+01,3.333676202592550908e+01
2.094341410731808537e+02,1.337038087795768035e+02,3.633804517517671684e+01,3.161421114331153603e+01
2.046318228524739027e+02,1.333305668081351598e+02,3.563452629200602928e+01,3.011996717106276833e+01
1.995408375794564222e+02,1.332289366907283181e+02,3.489994673372291345e+01,2.907155723813301051e+01
1.941326079915218656e+02,1.332325990714070088e+02,3.462477817487018683e+01,2.791940846380146013e+01
1.873585842125322642e+02,1.327668857829033300e+02,3.587622550212873307e+01,2.668774902388645387e+01
1.816021208139613634e+02,1.328435139997823171e+02,3.690322132994685944e+01,2.557833390606424473e+01
1.756594898926294093e+02,1.330261942335507115e+02,3.784557329082534238e+01,2.458254755788289003e+01
1.695864053068624742e+02,1.331727114964109262e+02,3.865542071008096059e+01,2.379237237937351779e+01
1.636368222903663252e+02,1.326502000842131395e+02,3.934663407462662121e+01,2.321751991548697447e+01
1.567389000996332129e+02,1.328837597335808880e+02,3.998730752969959212e+01,2.284399120885771595e+01
1.502218735363904045e+02,1.324881861391574773e+02,4.053050185461540877e+01,2.267404697231464183e+01
1.435502415805396481e+02,1.320035961100939232e+02,4.101270674009944628e+01,2.269661263763816805e+01
1.367464106838315558e+02,1.312976559638376557e+02,4.146090155138583100e+01,2.284088587304160001e+01
1.300900085199039040e+02,1.305274637421637465e+02,4.189851436896495329e+01,2.300658598941481614e+01
1.233933683250163824e+02,1.297675532700423560e+02,4.233083584976060365e+01,2.316298521758463380e+01
1.163640672264528462e+02,1.283465844179350768e+02,4.279145813697286371e+01,2.317838602168447437e+01
1.100369961107307404e+02,1.272600294019797218e+02,4.326441307687863969e+01,2.309425159759746293e+01
1.034823203940442795e+02,1.262223715512906637e+02,4.377406093491882189e+01,2.278547152457799996e+01
9.730269065088623393e+01,1.251155613198713468e+02,4.430898742383413946e+01,2.301854146318481753e+01
9.109851033920168106e+01,1.242170164261355296e+02,4.484498380058508360e+01,2.303787380306030741e+01
8.504880809012102816e+01,1.218672651739535553e+02,4.538567547147654579e+01,2.432409577203738138e+01
7.921149006762171041e+01,1.190329021237339475e+02,4.590359757402914909e+01,2.608315146091001679e+01
7.361459351374536197e+01,1.162348916654490267e+02,4.638995943453117832e+01,2.787141752573461417e+01
6.829288434346537429e+01,1.137184565240311827e+02,4.685193523314602260e+01,2.958093290612308124e+01
6.301925870278130049e+01,1.111098431532342943e+02,4.722623983625506128e+01,3.123347616529883908e+01
5.804716754648198673e+01,1.087838229450451877e+02,4.753772246041002347e+01,3.276282154086572973e+01
5.315653821608006524e+01,1.064791368661306876e+02,4.775877348476646489e+01,3.431205507950355127e+01
4.848655229649484966e+01,1.044335649159617390e+02,4.789622587468818438e+01,3.629061632809336402e+01
4.365615606450461428e+01,1.013065450148065452e+02,4.796654923129398185e+01,3.824678608029299198e+01
3.955126253119178159e+01,9.929659807623136203e+01,4.807885944664336364e+01,4.028399248896943163e+01
3.558708485746257111e+01,9.714548866799404436e+01,4.817016048996275401e+01,4.256759578466130733e+01
3.228766295059764957e+01,9.611771247225176751e+01,4.847670454370623361e+01,4.496876494057129037e+01
2.888633858759783379e+01,9.398803951562152292e+01,4.884352199669623928e+01,4.756743126440375136e+01
2.575827113005604474e+01,9.189699366731534269e+01,4.931555119231953199e+01,5.047405467341988583e+01
2.290182670910002116e+01,9.033101461455174785e+01,5.006757665402783175e+01,5.351974573903419241e+01
2.010020543773799773e+01,8.909915565728353215e+01,5.103641007962939113e+01,5.671476929901483288e+01
1.690393497228956221e+01,8.867659195656364091e+01,5.293607232876181001e+01,6.013263228152845841e+01
1.309853411200703022e+01,8.902428014277185753e+01,5.561907128089528385e+01,6.367192331586264231e+01
9.133608701429210441e+00,8.995751046338411072e+01,5.856811352536874438e+01,6.739728133353132478e+01
6.909481201102778414e+00,9.317815499553609015e+01,6.194557578229587591e+01,7.113576353546750397e+01
3.910070333872539550e+00,9.570117591507600707e+01,6.542238470170408959e+01,7.509401694951277761e+01
4.171189256084062436e-03,9.763061991334346601e+01,6.890712888446113027e+01,7.919504667458279812e+01
-1.630288702567753489e+00,1.019686212982074096e+02,7.247729729909846697e+01,8.323204565054106752e+01
-2.510382301146250938e+00,1.076625642120128674e+02,7.568774375706102830e+01,8.702113715463904953e+01
-1.008495220598064179e+00,1.157698539139177853e+02,7.832408885127543385e+01,9.042592124592871983e+01
-1.099579320668453875e+00,1.236717380150389545e+02,8.171085201119950625e+01,9.455946651413745485e+01
-1.579744606845849830e+00,1.329352276843600009e+02,8.614251163182125026e+01,9.817070692556953304e+01
-8.673793787243653242e-01,1.429491404781553854e+02,9.006819512383813731e+01,1.008128409865822732e+02
9.640915591498355752e-01,1.535225336706318444e+02,9.324570655432192723e+01,1.019692774048188255e+02
4.732312753285498275e+00,1.650817639908235037e+02,9.543013908754244312e+01,1.026015503449302173e+02
1.042207904183493383e+01,1.774423264661196242e+02,9.621374825791309604e+01,1.015166163711949423e+02
1.809038902451521835e+01,1.897708282455060385e+02,9.538546714963244710e+01,9.800662937234750416e+01
2.794586491675656248e+01,2.024828390604420179e+02,9.678363217810971264e+01,9.189864580801389593e+01
4.063648660869861828e+01,2.123450560008504624e+02,9.795620796448014289e+01,8.678371649399892362e+01
5.367869232633637466e+01,2.118019782210476478e+02,9.698250744780671084e+01,8.874151498029232243e+01
7.107194292631963606e+01,2.118588586440912422e+02,9.441123205631113535e+01,8.979797367895116622e+01
8.806473446734331390e+01,2.101820818652383309e+02,9.005840961654247678e+01,9.092372417342750168e+01
1.055353402900237541e+02,2.078284713525979441e+02,8.444891451805054317e+01,9.145537437979317019e+01
1.220826345175642018e+02,2.048593517041776977e+02,7.820002167460276610e+01,9.136128386051893813e+01
1.374855250248610616e+02,2.017171325746924708e+02,7.155124814020408053e+01,9.076302341509864391e+01
1.508710224978757708e+02,1.983113351483196425e+02,6.512907017093382933e+01,8.981373318396941841e+01
1.618765798064766557e+02,1.948967289415368782e+02,5.915602499833400429e+01,8.857921410224668080e+01
1.705790920614468007e+02,1.915450727900781374e+02,5.385192259842048657e+01,8.714956127790370033e+01
1.769122833462778317e+02,1.882136663895685729e+02,4.915858934593353524e+01,8.559490158427450979e+01
1.806872700370765017e+02,1.850088595485878500e+02,4.534638846600458351e+01,8.393149115800702020e+01
1.815681311435175758e+02,1.816805749196231261e+02,4.309291270304623822e+01,8.222725581287707541e+01
1.800437641664825605e+02,1.785858051714674843e+02,4.155636923522487791e+01,8.047140149600420500e+01
1.770689172153487050e+02,1.754858525915770713e+02,4.055414203847976751e+01,7.868694027263148882e+01
1.721867717941745468e+02,1.724074080209373960e+02,4.007206381804496687e+01,7.727127984510715919e+01
1.666691277458779439e+02,1.694890082166797072e+02,3.937530420420478094e+01,7.630139055946870030e+01
1.602597803554606628e+02,1.663914170773423962e+02,3.842385537505626303e+01,7.494640330018393115e+01
1.537156200585260422e+02,1.632562450938619918e+02,3.726672960565559833e+01,7.322455204412466401e+01
1.466834233365189846e+02,1.599581891498938830e+02,3.573150637933770213e+01,7.113435792656088097e+01
1.397988376310344734e+02,1.564460834629140891e+02,3.395212928286923670e+01,6.874960755843807192e+01
1.315120905468680519e+02,1.530870964632599680e+02,3.358484927861059077e+01,6.748022052556120798e+01
1.223965546492270562e+02,1.496155932186247526e+02,3.437372933827748511e+01,6.632778877657131034e+01
1.131885518334304237e+02,1.462832436865847114e+02,3.559439343263285593e+01,6.525483617633432232e+01
1.043630220264596744e+02,1.428252135363762250e+02,3.667120158012050979e+01,6.421957653354508011e+01
9.580154724386058263e+01,1.396743632587447053e+02,3.751441932253355560e+01,6.315352983189191605e+01
8.786719657102375436e+01,1.366230273974080376e+02,3.859221266922654081e+01,6.196686466771018331e+01
8.045506081630118445e+01,1.336177771962547922e+02,3.974633986626263038e+01,6.055592151044419325e+01
7.361103709071018386e+01,1.314016935111771431e+02,4.077753438289379062e+01,5.878203720546181898e+01
6.779237561909872056e+01,1.286887368609293958e+02,4.151132572057237269e+01,5.652675802567111418e+01
6.272237812034859417e+01,1.268736796685466999e+02,4.185471225009123941e+01,5.368640225791601495e+01
5.835311151852965850e+01,1.254718986678717130e+02,4.171903659392620511e+01,5.017409384740922462e+01
5.381585421765544197e+01,1.239838395338342565e+02,4.101024272102056045e+01,4.599962597234288353e+01
5.188344521331465842e+01,1.242349760493806343e+02,4.053361234221729603e+01,4.155692094884187782e+01
4.811380355854686286e+01,1.219743310600418482e+02,4.088586276489824911e+01,4.436881553702157532e+01
4.552637821353819447e+01,1.219546461577652821e+02,4.085510011820120724e+01,4.537852644666837421e+01
4.383673829474447814e+01,1.211162338965065146e+02,4.123115542602845096e+01,4.454509467373813436e+01
4.333207748471430421e+01,1.202900207052546193e+02,4.280663961898935099e+01,4.341269550530117272e+01
4.361086112045799723e+01,1.164069282272252224e+02,4.498147810576476502e+01,4.479011634454968771e+01
4.459044902152861312e+01,1.135351431183346875e+02,4.650855263759132185e+01,4.495942793097516699e+01
4.640352312561964254e+01,1.118193212885450691e+02,4.747877528934284896e+01,4.466983730709284828e+01
4.848967405807790954e+01,1.104652626801456279e+02,4.790098887648817083e+01,4.429684207538798546e+01
5.113588529665645410e+01,1.100573694274607419e+02,4.793717558925250444e+01,4.381692926819769696e+01
5.423716273174306934e+01,1.100653416397107378e+02,4.760338823879149572e+01,4.338201412765059217e+01
5.757564192048438656e+01,1.104331647790352804e+02,4.815193078856349018e+01,4.305874493642591005e+01
6.132809180466233556e+01,1.114595873391405405e+02,4.917089432511363611e+01,4.281889559634802822e+01
6.542856240929040723e+01,1.130890604573370410e+02,5.014280255371812700e+01,4.252418896350314981e+01
6.859346405338273200e+01,1.142709150999056220e+02,5.092765019685630534e+01,4.201720146611010875e+01
7.328980645894046120e+01,1.170047683458187890e+02,5.166618673021170594e+01,4.111329136372391702e+01
7.816010335373476892e+01,1.203260411850969263e+02,5.221526789074277985e+01,3.980658149434680126e+01
8.322582215849442377e+01,1.242586086780091392e+02,5.254995564259914431e+01,3.788109019633238006e+01
8.837491408454329189e+01,1.252474346943052268e+02,5.258684115398298786e+01,3.822366108771892357e+01
9.347249582707127047e+01,1.263660693243652702e+02,5.227710244342969759e+01,3.794553200422646455e+01
9.845228628887782918e+01,1.276581984708395794e+02,5.155900466789471182e+01,3.706652950906362776e+01
1.034665865737100887e+02,1.291277319614211478e+02,5.043949064051443543e+01,3.546294041390044072e+01
1.079402982769458248e+02,1.304903936152870187e+02,4.894430541803278345e+01,3.316014272090839654e+01
1.121334504289823144e+02,1.318943205203157163e+02,4.709391544321212564e+01,3.083741559399470589e+01
1.162775823108689792e+02,1.332124687443626101e+02,4.511863955381625146e+01,3.051390979200132847e+01
1.203474279256953992e+02,1.341362634269173668e+02,4.294473200035656646e+01,2.987037296484714943e+01
1.242265613410736762e+02,1.347638639910938991e+02,4.086537312027340363e+01,2.910460422562809413e+01
1.283496232455945574e+02,1.349825969327540918e+02,4.144975315589798015e+01,2.833654828438065465e+01
1.325641718723087479e+02,1.350986267842165773e+02,4.163690624342345359e+01,2.765583573370500403e+01
1.367138464446822184e+02,1.348245555041602586e+02,4.137568739320212785e+01,2.709753174502736783e+01
1.411019029231662216e+02,1.344833932460338985e+02,4.071237074326515426e+01,2.659074795653086198e+01
1.455717251036882658e+02,1.341791818634792151e+02,3.963323482821874677e+01,2.604825152294458235e+01
1.500591380230681011e+02,1.337169528802618856e+02,3.813297040102705182e+01,2.541088995395548977e+01
1.545242078776603876e+02,1.333833660705793989e+02,3.624750797659953605e+01,2.460849498571101890e+01
1.580507384871669103e+02,1.332602519346677354e+02,3.470547685141383454e+01,2.356550208085786835e+01
1.598462625151793475e+02,1.327174189926721226e+02,3.480260366559272711e+01,2.296142040690833142e+01
1.614305916063233042e+02,1.301183490016862265e+02,3.491217572339385811e+01,2.572517370313212837e+01
1.629487251126460876e+02,1.280593385661429124e+02,3.480308588718989427e+01,2.864632593820434181e+01
1.641852827176111873e+02,1.264278262483771158e+02,3.441511173818838643e+01,3.106088297294247980e+01
1.654309884657271823e+02,1.253314065355745868e+02,3.382469333915162224e+01,3.291055268259637501e+01
1.666890863937425991e+02,1.248766444877564368e+02,3.308496570764157241e+01,3.429128327811267241e+01
1.673708094725464832e+02,1.247146091845666973e+02,3.220347691575750559e+01,3.528193045527559946e+01
1.679394599159047345e+02,1.250706928289292392e+02,3.125060909649405971e+01,3.591288209344737936e+01
1.683036493390179089e+02,1.260724074316899674e+02,3.027334723000942063e+01,3.619064787538688677e+01
1.684256668324741497e+02,1.275221029537293731e+02,2.923513136420888259e+01,3.624220720293071452e+01
1.683144895507203671e+02,1.294718730366476507e+02,2.884130273066892869e+01,3.600006181758340063e+01
1.675670392596648526e+02,1.307657370522234430e+02,2.832215863057646743e+01,3.568111810357319769e+01
1.668106909471033248e+02,1.347799679542097238e+02,2.864349387712027806e+01,3.513902073210903154e+01
1.635251773356101523e+02,1.379713431084796014e+02,3.087925903626722857e+01,3.458820761298520097e+01
1.600110588151192417e+02,1.414150533774323151e+02,3.439936188538277406e+01,3.403093854586344946e+01
1.564971110885929875e+02,1.453322498494759714e+02,3.776668446689981806e+01,3.345121220795385852e+01
1.525796478696393876e+02,1.485520811453297938e+02,4.100534454451803867e+01,3.357007368671941094e+01
1.486170761923085308e+02,1.493451539422744077e+02,4.405727720829739269e+01,3.659453860427015570e+01
1.445533767580416225e+02,1.501668055223778140e+02,4.688518965183260434e+01,3.951011699055047188e+01
1.400728225199104315e+02,1.508136562773707681e+02,4.952335258566759535e+01,4.199346239348037102e+01
1.383921463858283118e+02,1.530361053264851421e+02,5.192423314978998405e+01,4.414494102055707003e+01
1.329445178611824190e+02,1.536246644771633498e+02,5.427793577944041203e+01,4.527156285579783912e+01
1.286850188282538170e+02,1.544821070027327039e+02,5.641515327532519564e+01,4.589535336725299430e+01
1.242693067219002927e+02,1.551536063485645798e+02,5.833755950353479136e+01,4.601706600046196627e+01
1.203674631913980448e+02,1.558087977583318207e+02,6.008777015039858327e+01,4.579242171951156593e+01
1.168546945793822260e+02,1.558580068135526631e+02,6.157959427309356215e+01,4.538648896943902855e+01
1.138305048863022790e+02,1.555320584207921399e+02,6.274321972955839044e+01,4.481186744030148361e+01
1.117589031062991864e+02,1.548288049225460838e+02,6.347042252952439867e+01,4.432201075385339095e+01
1.106837957745042331e+02,1.538287427642741534e+02,6.367971689985978401e+01,4.346590835682874854e+01
1.109788702572194836e+02,1.490882321410182954e+02,6.324649391214126126e+01,4.547236322622785565e+01
1.122793923801062590e+02,1.435685361390200114e+02,6.215280387199601364e+01,4.677128796809651590e+01
1.148226468861939082e+02,1.385820733143447114e+02,6.042458806189377185e+01,4.624916053321015852e+01
1.157558255000104737e+02,1.345106790147256675e+02,6.053809193390500809e+01,4.380564252021761718e+01
1.149995248430457480e+02,1.313143345303908234e+02,6.242647406986634451e+01,4.103410466227654751e+01
1.153394734520931024e+02,1.289066064593137639e+02,6.314282501393515190e+01,3.875757788530384573e+01
1.166831968701740720e+02,1.268805590617698869e+02,6.260196469918179218e+01,3.753478710015745889e+01
1.189890976751550227e+02,1.254880248326759897e+02,6.110206670908567617e+01,3.573158478240964087e+01
1.216529190605498059e+02,1.242908056092333595e+02,5.880244563378286671e+01,3.552820866406403866e+01
1.250747111915092802e+02,1.234292798781761888e+02,5.591998264457951962e+01,3.795889596315940651e+01
1.288555370866918111e+02,1.226812053943529435e+02,5.273235590480348378e+01,4.005023034647173574e+01
1.327319278081179732e+02,1.219882255181954491e+02,4.947186842257809758e+01,4.188605495775125576e+01
1.368655184528268478e+02,1.209687473747394790e+02,4.661557025590383319e+01,4.386285906291053038e+01
1.409552292688630359e+02,1.202250528414612489e+02,4.423168587073857339e+01,4.544090425728462890e+01
1.448954328719379419e+02,1.200759765643603743e+02,4.235174055770835366e+01,4.627079091071503569e+01
1.486944165055578821e+02,1.203603864449968768e+02,4.107980725073710460e+01,4.645367985495131791e+01
1.523466644569142545e+02,1.201562748319444154e+02,4.045852704239135278e+01,4.730928572551485445e+01
1.561868304500245301e+02,1.202785860813723957e+02,4.048371536603332288e+01,4.811029404353723748e+01
1.597753960816870915e+02,1.200525680006408749e+02,4.087693904677726664e+01,4.879737668986415144e+01
1.634422704398570545e+02,1.199205875497421800e+02,4.148608531161636392e+01,4.934805703550489397e+01
1.673026501220707019e+02,1.196291603791876099e+02,4.227234784152039992e+01,4.968650468432026912e+01
1.711592477156553684e+02,1.195335668580282658e+02,4.328872203801375917e+01,4.976055896155095581e+01
1.749101177620233045e+02,1.193166908156656234e+02,4.434365722546655775e+01,4.935500772690429017e+01
1.786865195340208174e+02,1.191180822859306687e+02,4.512601930836146380e+01,4.846197980642669734e+01
1.830814203779527247e+02,1.194297831444982450e+02,4.552771802279929148e+01,4.682006826298889735e+01
1.880133654861598131e+02,1.203030565924726005e+02,4.541544265473012842e+01,4.423539675020164452e+01
1.919542726052083310e+02,1.209524491630767926e+02,4.463863307648247769e+01,4.387113903109560908e+01
1.966871778866131137e+02,1.228645755338065868e+02,4.383259804717175712e+01,4.293896657489223401e+01
2.015977232081575039e+02,1.253743119251742257e+02,4.250221005420337406e+01,4.069589473457406825e+01
2.052523169306790578e+02,1.282150106972455887e+02,4.174089860320299294e+01,3.750446167288998822e+01
2.054427920607190288e+02,1.314147285600319890e+02,4.410768045149799832e+01,3.434260649990048364e+01
2.077031872928535563e+02,1.338163310626227371e+02,4.535752120896407291e+01,3.200558835688474346e+01
2.088859104425476403e+02,1.328560079553869855e+02,4.538103431846579383e+01,3.223874426953085504e+01
2.099039370609051502e+02,1.323636314373154050e+02,4.435044001509618283e+01,3.189254901879206727e+01
2.098997343702199601e+02,1.310152183405361939e+02,4.251359024723106472e+01,3.139816589139815051e+01
2.118447625625889827e+02,1.277116622292207779e+02,3.998142881733451759e+01,3.423395178265424477e+01
2.137647982666439077e+02,1.237215477894538793e+02,3.699946699448778986e+01,3.653934341516740858e+01
2.156571284477874144e+02,1.207551334200847890e+02,3.587745172153884710e+01,3.803028556232210633e+01
2.175108989847024077e+02,1.184277278875958643e+02,3.570551852909707691e+01,3.868342406788096355e+01
2.191408332999021127e+02,1.166963455399845486e+02,3.519421437602744618e+01,3.881542084558438432e+01
2.206687702379607572e+02,1.155376966717685292e+02,3.441786443828442543e+01,3.877650021256816615e+01
2.218210869193919166e+02,1.148015146244555780e+02,3.352382823433941894e+01,3.830128151974115269e+01
2.229091788079831247e+02,1.144031284342394912e+02,3.264244138286770180e+01,3.745540549213022530e+01
2.235345827402111354e+02,1.140445203481582297e+02,3.193803102476869071e+01,3.641840811726358140e+01
2.237680635266920603e+02,1.138641827953299384e+02,3.160332401843731986e+01,3.532166846197573307e+01
2.235861893697997118e+02,1.139099456123360596e+02,3.160375168888961639e+01,3.494678641763408677e+01
2.231243350852587355e+02,1.139666924915347721e+02,3.180051019676287183e+01,3.433820475539444317e+01
2.224324060919518047e+02,1.139735277126711424e+02,3.214861292666279269e+01,3.336720215498857556e+01
2.215449981360785046e+02,1.140041868802432958e+02,3.243461580214574269e+01,3.208069667992502616e+01
2.207886588073845644e+02,1.139612131897116996e+02,3.236169762537770112e+01,3.187075225099808051e+01
2.202666802449840020e+02,1.139361944622816196e+02,3.157490286089554843e+01,3.191875296091272673e+01
2.201498855680854376e+02,1.139676334917730856e+02,2.973406570990090358e+01,3.212519543913873576e+01
2.204209413251715262e+02,1.144141510736702259e+02,2.683972316009558767e+01,3.238752777423592022e+01
2.175598926057132871e+02,1.139426393281184886e+02,2.658813411449170871e+01,3.264751214805836810e+01
2.155309712654640180e+02,1.158227893415645156e+02,2.535465847385293614e+01,3.310378760448759294e+01
2.137693015961500009e+02,1.168847029299069078e+02,2.316830937305513771e+01,3.375845605124500537e+01
2.122904824665869796e+02,1.182778357682628325e+02,2.026775157285248952e+01,3.401034270000857873e+01
2.110957979928030852e+02,1.198893197726588795e+02,1.706342305008595872e+01,3.396722863182658614e+01
2.098965062330966020e+02,1.213949098890041682e+02,1.851203949196494136e+01,3.369289690546881388e+01
2.083477947189782924e+02,1.229259619067192659e+02,2.011564623717836753e+01,3.330825089795743565e+01
2.056591980588494835e+02,1.242954785003299207e+02,2.224662559322206334e+01,3.291971756649076042e+01
2.024352198395454820e+02,1.252991111888636482e+02,2.425872052492528042e+01,3.259078040195593928e+01
1.994441242435771642e+02,1.262254506078703002e+02,2.575854727963127289e+01,3.235113609637943455e+01
1.964099883732245360e+02,1.269428485273736982e+02,2.674758776802494253e+01,3.213711731417386375e+01
1.934555649085815503e+02,1.273446729105088906e+02,2.729891873564321259e+01,3.203431381446635839e+01
1.905755191836905169e+02,1.276493667671272476e+02,2.752204209607612029e+01,3.182665934619967629e+01
1.868434825593805044e+02,1.263470968594295840e+02,2.844334478051763426e+01,3.325172887620406925e+01
1.833648963573976403e+02,1.239172017343450563e+02,2.911694080621731473e+01,3.553150709060174961e+01
1.797710581812478949e+02,1.212395239558350966e+02,2.957994364721469083e+01,3.759584038346301327e+01
1.753062826051784100e+02,1.176322447329797569e+02,3.105440238719845070e+01,3.935900671866855305e+01
1.718054476226676854e+02,1.160099997793428912e+02,3.284164552087656830e+01,4.090177688831191460e+01
1.685889527838422168e+02,1.136383855196495887e+02,3.602549901619522643e+01,4.229340333781318861e+01
1.659385371578463833e+02,1.112741658417374566e+02,3.878434646585915857e+01,4.355830900910937942e+01
1.641279590726763615e+02,1.091722740786167947e+02,4.108581926264412232e+01,4.478214003203640914e+01
1.629309933006339293e+02,1.073768654418321233e+02,4.299819766897309137e+01,4.593733446180071667e+01
1.623786158783092901e+02,1.059942024807288732e+02,4.459229124309842973e+01,4.705779980580042832e+01
1.623797487593448921e+02,1.049590921314833878e+02,4.587495790873015267e+01,4.805821226527673673e+01
1.628833781940078893e+02,1.047222735887001477e+02,4.695500442404667751e+01,4.873406983182164254e+01
1.639343620395697769e+02,1.049731164815283648e+02,4.783271237171760504e+01,4.903595443712512747e+01
1.655957036173829522e+02,1.059740743849332603e+02,4.852231721560414712e+01,4.899339120881120380e+01
1.677285112996051168e+02,1.075452407310121430e+02,4.925361955923648338e+01,4.864574859806290874e+01
1.703387942197125255e+02,1.097448271592467535e+02,4.978774335221103797e+01,4.792097503274167991e+01
1.733451982688141584e+02,1.124800342118236642e+02,5.051240282763524192e+01,4.685663245291209478e+01
1.766966647980949006e+02,1.156299330019362088e+02,5.176629913956139717e+01,4.555137744118935927e+01
1.805320521977493797e+02,1.190580458616046826e+02,5.277366673889812887e+01,4.410016357693939426e+01
1.845566926552364464e+02,1.227578708792818389e+02,5.352962904817090362e+01,4.262139239520813305e+01
1.888404660124651855e+02,1.249797334936092028e+02,5.401164035393628637e+01,4.279039777915222942e+01
1.931251272828236267e+02,1.273250340799296367e+02,5.425631920550017639e+01,4.291211441953187489e+01
1.976301675233977733e+02,1.298268781495096391e+02,5.420401995845563192e+01,4.279580352315952041e+01
2.019900183134723761e+02,1.328606479902503281e+02,5.395641611705457308e+01,4.242585055232075320e+01
2.064817738947898533e+02,1.358188082818595603e+02,5.350195174098791995e+01,4.168013425164164687e+01
2.107388247887653847e+02,1.386982288795574334e+02,5.291463860240531858e+01,4.044876913766520943e+01
2.150289561585912281e+02,1.418939114395600711e+02,5.222622302599157251e+01,3.856691587899024398e+01
2.182418516148853485e+02,1.441299299544669452e+02,5.151224653866424319e+01,3.721000410664044011e+01
2.213499416888435576e+02,1.450902134657848421e+02,5.076268090812760647e+01,3.634795837423970966e+01
2.243254004025116046e+02,1.454803940137854568e+02,4.998565594297798498e+01,3.513765947916667187e+01
2.259792740098002639e+02,1.451311612723533813e+02,4.921411706654194518e+01,3.353228059656817095e+01
2.274823539743265428e+02,1.446031599629828293e+02,4.836719115223036169e+01,3.172494794313081456e+01
2.282380150707331836e+02,1.437296672219176799e+02,4.742230137752829933e+01,2.995408370250328289e+01
2.283681198976663040e+02,1.422944189449159182e+02,4.633743909270805261e+01,2.835744118280607040e+01
2.280747412952095488e+02,1.404149522835772359e+02,4.500712595256476334e+01,2.866636299093877938e+01
2.272005662092483647e+02,1.380764321939493868e+02,4.337174960787208988e+01,2.928356317787500984e+01
2.257597269338888850e+02,1.352030789195074760e+02,4.134336751542861066e+01,2.998024865077169920e+01
2.240520709190498110e+02,1.320941674886104806e+02,3.887858219748557076e+01,3.070111474352421510e+01
2.219667379567765693e+02,1.288151829871711982e+02,3.602030878531536473e+01,3.133441341084730425e+01
2.196534373817765413e+02,1.255273508819855266e+02,3.277242978281719843e+01,3.205585570294890374e+01
2.171394721753511590e+02,1.224571866164392588e+02,2.948042852138820535e+01,3.479374945803587593e+01
2.147554027844637403e+02,1.196814000811414331e+02,2.894516739406353167e+01,3.711681287288796227e+01
2.130574523588462625e+02,1.176136276998788475e+02,2.827587378733676360e+01,3.893788215660130447e+01
2.082191560924339342e+02,1.147952648809479115e+02,2.760901577048241506e+01,4.001357303735429127e+01
2.047693079510458460e+02,1.127479377564118437e+02,2.682147925208204242e+01,4.083739492873654342e+01
2.014433023689299489e+02,1.108719502617131099e+02,2.598455669222354913e+01,4.139151729513240241e+01
1.979266700104065535e+02,1.090828561412454576e+02,2.520582983284026568e+01,4.169000698685056250e+01
1.941443696006081154e+02,1.073344351883324919e+02,2.455186070032499401e+01,4.182673546462913805e+01
1.903452771965089028e+02,1.056629214764676732e+02,2.395832162688896005e+01,4.189450515023430910e+01
1.862012665801220237e+02,1.038916308288363410e+02,2.349044124867594974e+01,4.190065218160090410e+01
1.822512649850879995e+02,1.022231712716828156e+02,2.308184007705474983e+01,4.187869300638277537e+01
1.783692162448215015e+02,1.005965402011938465e+02,2.264859045346150879e+01,4.182034084130370388e+01
1.745768229792147963e+02,9.907568845247118361e+01,2.205831859897477898e+01,4.169173964562276069e+01
1.708603631805053169e+02,9.765047199240572695e+01,2.177778539621007781e+01,4.141868354424141785e+01
1.673720726546691537e+02,9.643151587693479598e+01,2.261844713065656265e+01,4.097023689327907903e+01
1.641079390575397099e+02,9.566973104880966616e+01,2.319948796571594585e+01,4.026217757894553984e+01
1.610069892584307638e+02,9.534800689804188778e+01,2.342195996982391648e+01,3.924310488107533956e+01
1.558138824160354829e+02,9.558465663719834993e+01,2.562139740110791308e+01,3.782737127147080969e+01
1.503312050849183947e+02,9.670620957422030983e+01,2.815510240302685929e+01,3.604091480901200839e+01
1.448353201337831706e+02,9.811201736442237120e+01,3.006654489059869206e+01,3.386163079442957269e+01
1.396925708712766152e+02,9.969803888675434678e+01,3.136843598205703643e+01,3.131416436014870897e+01
1.365948465150112554e+02,1.028451779596048254e+02,3.274361731274532872e+01,2.912496727544106534e+01
1.309633357530918545e+02,1.041813360628306384e+02,3.492065874573199835e+01,2.769085590035874134e+01
1.267731316444909737e+02,1.061609480049411616e+02,3.643971168605193611e+01,2.629386428036278289e+01
1.235929376321469420e+02,1.083118750361528981e+02,3.729806058621713305e+01,2.544449679708152701e+01
1.205944882600829260e+02,1.101976198524524762e+02,3.770170568665082556e+01,2.456577783972002749e+01
1.180739060722809768e+02,1.118154291046856059e+02,3.768742092706773406e+01,2.351025780665936793e+01
1.160171427544542553e+02,1.130599107648193922e+02,3.793444610701394026e+01,2.304642664469898250e+01
1.148693831605657181e+02,1.144737698366573824e+02,3.954322460635737002e+01,2.281605861241295941e+01
1.140983783183962714e+02,1.125539877046263513e+02,4.104517303841015519e+01,2.569071867853502056e+01
1.141659227402670780e+02,1.095573143978342330e+02,4.235245920739187397e+01,2.979387461258568237e+01
1.147394033849406156e+02,1.069409435271286384e+02,4.361381484135880271e+01,3.354749541138153290e+01
1.162187434304950671e+02,1.049735331265116685e+02,4.429698435223818365e+01,3.758619282282528218e+01
1.185536898541958806e+02,1.035255063396701161e+02,4.432899055901347651e+01,4.324079905118226463e+01
1.218684072324779208e+02,1.028865259353353849e+02,4.368765335427369223e+01,4.837899909261528819e+01
1.260656928835511508e+02,1.029030755061932894e+02,4.252823617484108354e+01,5.286246138091971147e+01
1.310609629687197355e+02,1.037146010186849310e+02,4.094940729600628515e+01,5.677172264051753814e+01
1.367509390363683508e+02,1.058784853485373816e+02,3.914705627625909301e+01,6.006752760284716430e+01
1.436314962770015882e+02,1.071929666041704081e+02,3.713428588640707062e+01,6.293115134106093933e+01
1.499226332912646171e+02,1.096882079137909898e+02,3.608863212633983153e+01,6.507868706818999271e+01
1.581575361848662737e+02,1.130595787627810580e+02,3.528205250716749219e+01,6.673163237825909277e+01
1.640881512421091770e+02,1.162955991259727568e+02,3.594628912740083138e+01,6.773625052849226336e+01
1.699616262169350307e+02,1.192518547547758914e+02,3.706971489955947163e+01,6.809796156487617225e+01
1.763433965425275005e+02,1.222067080747417833e+02,3.798975978226101802e+01,6.785527316298052369e+01
1.826098540563783104e+02,1.252500012433199572e+02,4.045291396073702117e+01,6.697498974678151740e+01
1.892245843180569977e+02,1.280786267075769729e+02,4.372312960174230057e+01,6.559183738135936892e+01
1.934653524709758869e+02,1.309706767568071371e+02,4.700210303410688084e+01,6.355236443662610668e+01
1.997059266196819749e+02,1.324004973006445880e+02,4.987274066523056604e+01,6.153940650904326048e+01
2.046116715367220138e+02,1.341617431427386862e+02,5.252838704248441104e+01,5.944459240226476027e+01
2.086735771064962250e+02,1.345418061641957195e+02,5.484022627789732951e+01,5.760178789909474517e+01
2.124347493410081427e+02,1.363211204083093548e+02,5.701143431465820299e+01,5.592867743881521392e+01
2.160537155840325738e+02,1.372302043753527414e+02,5.894357395213577888e+01,5.465027774150104278e+01
2.173919352490009089e+02,1.373383421247504543e+02,6.079723979603173234e+01,5.375555331004244408e+01
2.179244611666899516e+02,1.371542117294933121e+02,6.254675456560696034e+01,5.274351433840237746e+01
2.172681929725395662e+02,1.367549263727258051e+02,6.421701128182877483e+01,5.145333112491758243e+01
2.143673734209733652e+02,1.352110974124764766e+02,6.584712430526286653e+01,4.924061716069545014e+01
2.129697008786353081e+02,1.357767363550222512e+02,6.727919971693239631e+01,4.694446782250651040e+01
2.106397072357797242e+02,1.313897533806791955e+02,6.858624253501818657e+01,4.828010173548972261e+01
2.077783894812164363e+02,1.277234359856042687e+02,6.973177700194690942e+01,4.887028079126282876e+01
2.057830924692507324e+02,1.250122869466869133e+02,7.073132800259378428e+01,4.858531021557280383e+01
2.019925167423656944e+02,1.224314848831979106e+02,7.166321616149679130e+01,4.769020758623123868e+01
1.973830733646945532e+02,1.201160162912113805e+02,7.254146315482518048e+01,4.656928811903132726e+01
1.922203207083604468e+02,1.180813410525809530e+02,7.343728884860965422e+01,4.558669975889743853e+01
1.865962186989655720e+02,1.163123944069542404e+02,7.436767793292165152e+01,4.504499099678338325e+01
1.800201086939806885e+02,1.143870143614282142e+02,7.535723549692247047e+01,4.503271317601351598e+01
1.730146572004247219e+02,1.127956876283663092e+02,7.634651919855079427e+01,4.563169632573739420e+01
1.651592371028227149e+02,1.113230932921145921e+02,7.731535679604741063e+01,4.681354102888160185e+01
1.563209770118662334e+02,1.097669900857893310e+02,7.816323097736994896e+01,4.845998537584821975e+01
1.489176909346759032e+02,1.089110265986693804e+02,7.883657911361612491e+01,5.036505455310027912e+01
1.407899957660964390e+02,1.098254294613895894e+02,7.916187382001683659e+01,5.235466374725636740e+01
1.319300707247097648e+02,1.106226470968406659e+02,7.908610160772923336e+01,5.405243424931782670e+01
1.236407135788508640e+02,1.123346801863798277e+02,7.839931696642941006e+01,5.519253573787985090e+01
1.155369413428157088e+02,1.152241241914525745e+02,7.722238129917442961e+01,5.567808377895713079e+01
1.079844862964867218e+02,1.169413206836704973e+02,7.546375218652133299e+01,5.780596609607415814e+01
1.010858049511456471e+02,1.162993932620828446e+02,7.318522089136804709e+01,6.208910073759588499e+01
9.453692698716510279e+01,1.165924205691235898e+02,7.042403547787414198e+01,6.503666614877224106e+01
8.786030385280325561e+01,1.161275532136771460e+02,6.730221466540125164e+01,6.632282555160750803e+01
7.663293532804688368e+01,1.191090014314920467e+02,7.019663048005556050e+01,6.579189472879325251e+01
6.484373900387579681e+01,1.215905458112480204e+02,7.334297537370049724e+01,6.419381650983903853e+01
5.283669288599742231e+01,1.237518708364770816e+02,7.583357213235927929e+01,6.193216524672226342e+01
4.250673958131022800e+01,1.259994989074216107e+02,7.740381029477413222e+01,5.902368664662790820e+01
3.259135449300393361e+01,1.282342971150066262e+02,7.877009073931571947e+01,5.606135191689648423e+01
2.289671911351922517e+01,1.284821895512343986e+02,7.912402826056506910e+01,5.437699186852108824e+01
1.528274309162799227e+01,1.303513936907548327e+02,7.893416520760969490e+01,5.434892077536062516e+01
8.213192269038643190e+00,1.299499490190000017e+02,7.828251818566501186e+01,5.462638179929999183e+01
2.865421910355223645e-01,1.264797964117723836e+02,7.730458647008376261e+01,5.535120656886604706e+01
-4.934006801544256859e+00,1.254864879675515539e+02,7.667272695214015243e+01,5.644042931949816477e+01
-9.103713645081313643e+00,1.231270475527513071e+02,7.610471223533453156e+01,5.812465814752401627e+01
-1.216773137777423131e+01,1.207415306034902613e+02,7.564156035246067233e+01,6.084904029125239333e+01
-1.382974219215421385e+01,1.178615811852472177e+02,7.517232726517001140e+01,6.322566722716774734e+01
-1.450170281204574962e+01,1.149907537869550822e+02,7.483108613547841514e+01,6.520003067497015081e+01
-1.361590820406280500e+01,1.126319756032271471e+02,7.451148905757038676e+01,6.748664875347822090e+01
-1.138659095161330015e+01,1.104528135383320802e+02,7.427812778537750660e+01,6.985343527072937775e+01
-7.594398076072906179e+00,1.089536645775165766e+02,7.426328672881383852e+01,7.170967604424151887e+01
-3.116066189714814527e+00,1.072121784018735440e+02,7.474902136588599433e+01,7.320193921709794438e+01
2.666823022655876230e+00,1.078958380765003255e+02,7.595873657013902402e+01,7.403905885126690123e+01
9.131773594327540877e+00,1.084022486881887204e+02,7.759552466399441073e+01,7.452033950891355119e+01
1.646415028512660683e+01,1.096576493255598876e+02,7.949549980258370852e+01,7.449917111123123448e+01
2.473658450429360300e+01,1.113279176125969485e+02,8.146002023920095780e+01,7.410186081209637621e+01
3.385218096982205793e+01,1.131943391582836682e+02,8.310161473839340829e+01,7.326179758887602134e+01
4.423194185983183502e+01,1.170839741124156461e+02,8.428528704985492936e+01,7.201787368123122235e+01
5.525588815825892652e+01,1.203221879210304621e+02,8.470705143401676196e+01,7.036663650250551427e+01
6.699908119773594706e+01,1.239625249215301892e+02,8.447560984777574333e+01,6.837878692069500630e+01
7.947412026998834733e+01,1.276180344901317909e+02,8.340829661616409396e+01,6.608403549503712782e+01
9.256072401791246307e+01,1.313873490346896347e+02,8.152900519448709815e+01,6.360927335765944690e+01
1.055565432272078965e+02,1.349208115645414523e+02,7.917648190432896627e+01,6.099676592296339095e+01
1.183383746315595317e+02,1.383487441509661267e+02,7.660768668045611207e+01,5.834975341731541221e+01
1.310579000480352931e+02,1.413778019734630504e+02,7.353335961335756110e+01,5.575237110359441317e+01
1.435828624884576072e+02,1.440372853038229835e+02,7.008072274657709499e+01,5.323559328151250725e+01
1.549035430569984726e+02,1.460843171036186732e+02,6.729433208478457118e+01,5.152009778474854329e+01
1.634786191266125002e+02,1.475997661174828295e+02,6.638264945815859619e+01,5.004367420390374832e+01
1.719015737909917334e+02,1.487856898828847818e+02,6.521656775388092342e+01,4.846270406029262290e+01
1.799080565991019398e+02,1.496908459149413204e+02,6.380558483888944465e+01,4.672991099697176764e+01
1.876541735482990987e+02,1.506020340285131454e+02,6.215599300804947802e+01,4.471449272840470712e+01
1.953630889076300718e+02,1.514748496975697947e+02,6.030148625848303823e+01,4.220673588443295898e+01
2.035846961797980157e+02,1.507473114516699297e+02,5.821078915754702621e+01,4.118254793832346650e+01
2.094886292964692416e+02,1.476411708238541678e+02,5.601533926310537481e+01,4.141968256859900066e+01
2.146941016191819642e+02,1.441266064872167476e+02,5.372491538950092149e+01,4.187553877654528378e+01
2.203406584984950882e+02,1.409032465113994306e+02,5.133265491217946419e+01,4.204907272728965495e+01
2.256056896149037527e+02,1.375612464569016709e+02,4.888764779611133804e+01,4.209604171974504538e+01
2.302164793013077997e+02,1.341249140397497968e+02,4.648469517575222199e+01,4.203166776180148645e+01
2.339564779723335732e+02,1.305423232729358745e+02,4.417656951379586872e+01,4.193743730769756439e+01
2.374686427862463063e+02,1.270991170396367949e+02,4.192612051690119301e+01,4.188914832712116265e+01
2.400713368331917081e+02,1.234875180767272553e+02,3.976762394692786984e+01,4.187539515010099933e+01
2.421267094972918699e+02,1.202342960343802645e+02,3.773063766101893179e+01,4.181772544322919316e+01
2.433914402080335435e+02,1.163299922323921578e+02,3.584713956764215936e+01,4.170348370760157763e+01
2.447736701319088297e+02,1.146020593332728339e+02,3.404361581883716781e+01,4.152209722830896510e+01
2.454078054227105667e+02,1.123553686910063618e+02,3.403102726307400872e+01,4.124907562084047186e+01
2.456906320580136480e+02,1.103809246515468061e+02,3.414908912869361757e+01,4.087839464140064649e+01
2.456889534975592255e+02,1.087407416128220774e+02,3.421972715242037566e+01,4.048477084853924168e+01
2.452744399939697928e+02,1.076856039672543517e+02,3.423826645256372103e+01,4.031581925095743202e+01
2.446892811375328733e+02,1.068573782194130644e+02,3.415279217896556929e+01,4.009790667716980295e+01
2.437115850948898412e+02,1.063848314487891145e+02,3.401316810199969609e+01,3.988535918523801627e+01
2.425551453693838937e+02,1.062718539209961648e+02,3.377649971677769258e+01,3.967315348414490472e+01
2.412535645605145760e+02,1.064346215214684435e+02,3.347083431774649398e+01,3.947111374475699108e+01
2.396553308443124592e+02,1.069453066532673944e+02,3.316254322036644453e+01,3.935225207301611761e+01
2.377683189891535562e+02,1.076722709994762113e+02,3.284160858474223232e+01,3.927771922515043457e+01
2.355790999733761737e+02,1.086951771491597043e+02,3.240991951907881230e+01,3.927788638199864124e+01
2.333662117173263368e+02,1.098976059222509178e+02,3.182851465185478901e+01,3.934786157108187865e+01
2.307928698623134949e+02,1.112995572603041552e+02,3.110331035027118673e+01,3.946858392368780244e+01
2.282085025895036381e+02,1.128336543072180262e+02,3.018334064082009149e+01,3.964564818160148718e+01
2.254632966236865173e+02,1.144912425709859605e+02,2.911353133798934323e+01,3.984211445939114071e+01
2.225854121425383028e+02,1.162792349648647274e+02,2.776623566194643900e+01,4.005041683556142118e+01
2.188188780620163811e+02,1.182373001902262502e+02,2.695336348652699598e+01,4.021677852501923667e+01
2.143742440720821776e+02,1.202504056550725693e+02,2.656265992425463196e+01,4.029837811646518730e+01
2.097222498549743648e+02,1.222466482275171415e+02,2.595513203822713422e+01,4.027336078517930673e+01
2.051040251875896843e+02,1.244807506949819640e+02,2.510677633540257148e+01,4.016210172706607295e+01
2.006095107333865712e+02,1.267465735839237340e+02,2.405423028342602265e+01,4.022643426583699977e+01
1.959900637562018915e+02,1.290031505923656425e+02,2.278432358188862850e+01,4.005491611293913934e+01
1.915441017281235929e+02,1.313044888571056674e+02,2.216235738607468875e+01,3.956155687753289385e+01
1.872174927193714780e+02,1.336146858435286617e+02,2.187853808638516284e+01,3.867272552814299047e+01
1.832822330932309285e+02,1.359661293258368460e+02,2.134794889619098512e+01,3.735032831739295034e+01
1.792771059880207645e+02,1.381443528206456222e+02,2.054490160263696907e+01,3.548855738935884574e+01
1.757423120059957853e+02,1.395220522712739637e+02,1.948864436587362547e+01,3.383873738546654408e+01
1.725063495246176331e+02,1.361613643151318058e+02,1.947675706840436760e+01,3.696170588639293442e+01
1.695605089078736114e+02,1.326771058544177890e+02,2.135779062691744912e+01,3.999778226282822402e+01
1.669306639248379156e+02,1.290335970673589827e+02,2.337868415130779454e+01,4.244511569694930131e+01
1.644715156174846982e+02,1.255356066137143927e+02,2.530839255655394027e+01,4.424676454948850335e+01
1.627953021301815113e+02,1.223609345515870359e+02,2.712481217016053847e+01,4.540089558389598778e+01
1.617746385220026468e+02,1.194205868474108883e+02,2.870861398743159043e+01,4.587472053597319643e+01
1.612661473393829397e+02,1.168369357468525891e+02,2.999174933863343995e+01,4.606525138817374909e+01
1.617867855131298711e+02,1.147038492218326269e+02,3.086597386650154817e+01,4.610424651551568331e+01
1.629776791747679567e+02,1.129635714499819841e+02,3.146856877824089338e+01,4.574159555932943988e+01
1.650560401507067638e+02,1.116509746676776018e+02,3.168961657556067735e+01,4.512848897089646982e+01
1.676686168019131173e+02,1.106626399539992036e+02,3.173697772089070668e+01,4.497744371348845505e+01
1.706014878529363443e+02,1.100682429402060905e+02,3.198865883028574331e+01,4.656601256016597290e+01
1.740046634160616179e+02,1.098002917823418016e+02,3.205402366618255883e+01,4.793234397557576187e+01
1.780158788586105345e+02,1.100254302620708984e+02,3.198334194579422274e+01,4.903820380861853323e+01
1.823104802106635134e+02,1.104325805605434709e+02,3.173744461817960882e+01,5.002571456624005464e+01
1.871102031125454914e+02,1.113219590992015355e+02,3.135701204840094647e+01,5.085612068296390476e+01
1.922762497666242894e+02,1.126179029568236416e+02,3.086062445978211599e+01,5.151426678372824597e+01
1.976100319810394126e+02,1.142928093758721531e+02,3.019434329561772756e+01,5.208945002530761315e+01
2.032195707786136438e+02,1.162553344496641898e+02,3.038275181614994835e+01,5.250580721542422680e+01
2.090466971924607549e+02,1.184689052652265389e+02,3.099260727356929124e+01,5.273399362523107925e+01
2.149012503966424106e+02,1.208830983361397529e+02,3.148416342857734662e+01,5.273757899635343449e+01
2.208061111222174304e+02,1.232128667657410688e+02,3.189423796143282175e+01,5.247774954826095950e+01
2.263396444146776787e+02,1.246088069070727613e+02,3.213388346253967143e+01,5.177494156490752175e+01
2.323820569333032608e+02,1.279573925590825496e+02,3.263106958767599508e+01,5.061090701400736691e+01
2.380173355576552012e+02,1.304204811723224680e+02,3.297103601504431936e+01,4.885500995509232780e+01
2.432150818021306975e+02,1.330447291844604365e+02,3.315725227807163833e+01,4.710856968514733012e+01
2.481489099591245520e+02,1.356683383840992860e+02,3.320375549009256133e+01,4.671891959792574767e+01
2.528681422929725500e+02,1.386019398871020485e+02,3.311231475492257914e+01,4.551304086518331360e+01
2.570814381813370346e+02,1.415874531877635434e+02,3.286426499616271713e+01,4.340103784424198352e+01
2.610167837612267476e+02,1.448312809246298229e+02,3.247454164833970935e+01,4.025946133948400529e+01
2.643028521866269784e+02,1.483187924277858656e+02,3.193054957443604280e+01,3.621221223843377857e+01
2.671823042491795377e+02,1.518831901214565505e+02,3.129294499655065920e+01,3.212273620449093414e+01
2.696658924645171851e+02,1.556127958394203574e+02,3.059676847599899929e+01,2.746934935105372233e+01
2.714959108356692354e+02,1.560051507877533652e+02,2.982177285519327370e+01,2.599211139325345243e+01
