1.631014675111746044e+02,1.495569501573687603e+02,3.435588534150716100e+01,4.710500479694840692e+01
1.632212112209601003e+02,1.493685361349311336e+02,3.458706574983241921e+01,4.740891324462828038e+01
1.633781427048986643e+02,1.492626368331193305e+02,3.474045211083048912e+01,4.775493191912457291e+01
1.635491105915253911e+02,1.495083581928574858e+02,3.479496105405780781e+01,4.800699948984728849e+01
1.639904665951195000e+02,1.497424872636464670e+02,3.473779569614214324e+01,4.822898622093680387e+01
1.643159883324258601e+02,1.504445844908728702e+02,3.455352951517156157e+01,4.836559057421098373e+01
1.649106681568986232e+02,1.515354712715726748e+02,3.440977473508465323e+01,4.832632093564401998e+01
1.661237788518082823e+02,1.520508510858032309e+02,3.416572821060768206e+01,4.825840159458721246e+01
1.670903852915633934e+02,1.526393177031429502e+02,3.396405801531784618e+01,4.804503651212465343e+01
1.688608779664110671e+02,1.528874035798992850e+02,3.390463568503253100e+01,4.756013954711079350e+01
1.695817660541833902e+02,1.541149832554988848e+02,3.368094812059871401e+01,4.699633004439488104e+01
1.700383978002807908e+02,1.552374682934059251e+02,3.351710473420337166e+01,4.620981990706269471e+01
1.704430924482762464e+02,1.567583540977985876e+02,3.329565460596828075e+01,4.616116235364250997e+01
1.719673719633561291e+02,1.580429276886115417e+02,3.303518222329961418e+01,4.610366893292359691e+01
1.728188682970007051e+02,1.591740545352129743e+02,3.263988923548075149e+01,4.584088805929471278e+01
1.727918505512045044e+02,1.602721973919036316e+02,3.215991097174884317e+01,4.547455534806559285e+01
1.752503247796458652e+02,1.618886621842248701e+02,3.174656132273423736e+01,4.506309170805013764e+01
1.755249678390653685e+02,1.625353277629433251e+02,3.132671245335762933e+01,4.458064626859663804e+01
1.769025507318148698e+02,1.636040706668731559e+02,3.079786818968176476e+01,4.397661713154141694e+01
1.813611070199181086e+02,1.656817020323948952e+02,3.035508877722168108e+01,4.342294372226282917e+01
1.871201098424585609e+02,1.676234123996247263e+02,2.994052348089647353e+01,4.287447391846154687e+01
1.875467283297409153e+02,1.699598400701604248e+02,2.965541352771253969e+01,4.247707676362182383e+01
1.888843470214013962e+02,1.715526085745068769e+02,2.932730745032057484e+01,4.201071231960307273e+01
1.906744363725981088e+02,1.714123700236074512e+02,2.913062030961862092e+01,4.167092703151672595e+01
1.923772934717185876e+02,1.734742131725516572e+02,2.897573156204458655e+01,4.127194863080768528e+01
1.932994991759329082e+02,1.742302247435997060e+02,2.878310473918688217e+01,4.093989741947410721e+01
1.934508549108148543e+02,1.744190385548340032e+02,2.856300983521677495e+01,4.057548833966907864e+01
1.939517849908177141e+02,1.741283029643540488e+02,2.833767870265813826e+01,4.029526484819936627e+01
1.944635157544894923e+02,1.737208881230242241e+02,2.807182767986461158e+01,3.999449870445761235e+01
1.947376965904047665e+02,1.735382752568463047e+02,2.788566601640408749e+01,3.973423963460450636e+01
1.960633475410357107e+02,1.735832568595829173e+02,2.769415026540403346e+01,3.949678114019033615e+01
1.990769450989153597e+02,1.731212422419061170e+02,2.753043709230243508e+01,3.941673144833856668e+01
2.038934900980815428e+02,1.722191343659386007e+02,2.742036397076878984e+01,3.936258298355616603e+01
2.072275306644200725e+02,1.717350660666898534e+02,2.740273284815944521e+01,3.942429654767082070e+01
2.079333356969949591e+02,1.707071035041922471e+02,2.745879496574355016e+01,3.950793031868104777e+01
2.092363465997190701e+02,1.703664911501143138e+02,2.754381784160437974e+01,3.961389994903953493e+01
2.100036801302757112e+02,1.714789123725695390e+02,2.766211722059006206e+01,3.964714192294854911e+01
2.105608546498391433e+02,1.716717375626382704e+02,2.777017870600536753e+01,3.973739898129150561e+01
2.104088193433608751e+02,1.673066434532007918e+02,2.791408602201201461e+01,3.996500426342046808e+01
2.073614546741608251e+02,1.677113716736692766e+02,2.816220284462886525e+01,4.013125130080752001e+01
2.042322946362206153e+02,1.642711186626612516e+02,2.844740442050070328e+01,4.042391108823841250e+01
1.980059076117599375e+02,1.625115516957960153e+02,2.878399547959833171e+01,4.073550946891361946e+01
1.945542653912789888e+02,1.564639462856991656e+02,2.910092137096671649e+01,4.129149638114844834e+01
1.844600083878558792e+02,1.524336168927300150e+02,2.960510726555813221e+01,4.175399257623348603e+01
1.762105558319993008e+02,1.557072414346789344e+02,3.016184143579013721e+01,4.216723749880949867e+01
1.707854669192290658e+02,1.559721793605805829e+02,3.074642018167006086e+01,4.261720266368021726e+01
1.656280498154080192e+02,1.543936372403978226e+02,3.123191016596081226e+01,4.323968272519840639e+01
1.625620274940140177e+02,1.595986003993448890e+02,3.179875590277106312e+01,4.379048303797674180e+01
1.602312983610806612e+02,1.645494150516782952e+02,3.247092626947451777e+01,4.433588861774910583e+01
1.469890998135539348e+02,1.737586003895571878e+02,3.313892488325473096e+01,4.445960745657885127e+01
1.366911263720377292e+02,1.783594894424291226e+02,3.415304787188290447e+01,4.462788198438491349e+01
1.280170116145237103e+02,1.820326580957796523e+02,3.517068011780105508e+01,4.498943982248582074e+01
1.190549907388577680e+02,1.819793710016027148e+02,3.596169416197416524e+01,4.543707390039119787e+01
1.082357428665892769e+02,1.802631170637534979e+02,3.666616716640297113e+01,4.581605354969312316e+01
9.875990361286037000e+01,1.777102124397343630e+02,3.730616046563625332e+01,4.617290952889567279e+01
8.939084765725640125e+01,1.733623613071837610e+02,3.792357150490458650e+01,4.633559936887357367e+01
7.843623610161039039e+01,1.685121567314547804e+02,3.830171836764527882e+01,4.614618670289272018e+01
6.869350284658824535e+01,1.642118541491506392e+02,3.843647485861546897e+01,4.591747883700907096e+01
6.147347106449015541e+01,1.620103845561788489e+02,3.854441761998165816e+01,4.663530492139454964e+01
5.918199511777726229e+01,1.586529850687688850e+02,3.868452143121675135e+01,4.700395524688985915e+01
5.772276735851517060e+01,1.575992549678562114e+02,3.855667108605764781e+01,4.730916446257361940e+01
5.747654788499438894e+01,1.568930426539627661e+02,3.879423188642567766e+01,4.742660113912896236e+01
6.177510603561114522e+01,1.553954657348103865e+02,3.891631018730981850e+01,4.749495140107774205e+01
6.666473232378348257e+01,1.527912285908073500e+02,3.923600090677845742e+01,4.757807137852336155e+01
7.245647106433673912e+01,1.474358562154712331e+02,3.944678162648847319e+01,4.783789770117539319e+01
7.796729399172474473e+01,1.404602041270740926e+02,3.941988502464046462e+01,4.815760158202331809e+01
8.329758176809099268e+01,1.357957737901323299e+02,3.933911608086211231e+01,4.846170955343995956e+01
8.802991798639887122e+01,1.305289674421244968e+02,3.903540497077862881e+01,4.870043372065731546e+01
9.241849261204555432e+01,1.279176157202099517e+02,3.878382863941882874e+01,4.879507366756065778e+01
9.973000993067745412e+01,1.279469905355267940e+02,3.898227583963034704e+01,4.872942095414572350e+01
1.073326077722680623e+02,1.261308673415687167e+02,3.923444694962117296e+01,4.857723893157341877e+01
1.137197276488573863e+02,1.268963665455226391e+02,3.915978515045155461e+01,4.819639759119304756e+01
1.153370350395198614e+02,1.267622932671646367e+02,3.880205994922954460e+01,4.771493250786426188e+01
1.208623098335067709e+02,1.290051245566141915e+02,3.831160448878418379e+01,4.699549500406382663e+01
1.234415727358336312e+02,1.328301714458505671e+02,3.807147064552543725e+01,4.607653543882764779e+01
1.259389727480872807e+02,1.371539912886935895e+02,3.800741724948267120e+01,4.598411640113590693e+01
1.280658034100496252e+02,1.417445044554694675e+02,3.767849032892257810e+01,4.632367649594522163e+01
1.289305657833406542e+02,1.486843628620918878e+02,3.720602485702045215e+01,4.647848364968567125e+01
1.284967445145227316e+02,1.539011608201133186e+02,3.649783200535040351e+01,4.635841176795292995e+01
1.272295212231630899e+02,1.566608250858430722e+02,3.575915425448627616e+01,4.595941084113377428e+01
1.304229714781861276e+02,1.588367040358405120e+02,3.485582239688756090e+01,4.560615836497157716e+01
1.336938240914261371e+02,1.601110249656840097e+02,3.447478193004209857e+01,4.492125370780604499e+01
1.343080103030252417e+02,1.603485857783410609e+02,3.372122466333641455e+01,4.451609154122448331e+01
1.347499300774644269e+02,1.620909295228902067e+02,3.293527932418987803e+01,4.427593909226882829e+01
1.358744131655218439e+02,1.627255114828111857e+02,3.240988522613773171e+01,4.405322600888771944e+01
1.368959806588171659e+02,1.653884242866595855e+02,3.198692805316593990e+01,4.390515920427753827e+01
1.343413759949038422e+02,1.681342934757295779e+02,3.156904208769304887e+01,4.363105823875179112e+01
1.300995094328271762e+02,1.722519425846481340e+02,3.104733517964686484e+01,4.322604311354876927e+01
1.292487117966104506e+02,1.777491010492223893e+02,3.119460579347821749e+01,4.273290389637483599e+01
1.374128696829340868e+02,1.869888930334065265e+02,3.125462777442473339e+01,4.203790868396768587e+01
1.455370248411346097e+02,1.943358029106532001e+02,3.118301271002542308e+01,4.139429673326449688e+01
1.560282513580277168e+02,2.015646751043852873e+02,3.104282556355136080e+01,4.059374933317110390e+01
1.656939834635681734e+02,2.049406614221429663e+02,3.080565527749874377e+01,4.001460650958284759e+01
1.720940494810459995e+02,2.085304069104830660e+02,3.056525734824541018e+01,3.971435707308052088e+01
1.757969748879637848e+02,2.104885580453491798e+02,3.056049728745452398e+01,3.970895061233704837e+01
1.837819911555813235e+02,2.108892123798986802e+02,3.059718107283342192e+01,3.967851330129087728e+01
1.908122063012808667e+02,2.088776314244009882e+02,3.071000341150011081e+01,4.004076510813243317e+01
1.954697961965667332e+02,2.044642166897581035e+02,3.078681371286776880e+01,4.065410172660133981e+01
1.928981164361757408e+02,2.021521823716560959e+02,3.080183202546285770e+01,4.124972025762943417e+01
1.904164626925403923e+02,2.001678293518102123e+02,3.084387437697037626e+01,4.181959019746096828e+01
1.910385095260449191e+02,1.992841618377923112e+02,3.091095635579793566e+01,4.216608199536824486e+01
1.938566984129728326e+02,2.000881730648657708e+02,3.107385657814916158e+01,4.213359069899064480e+01
1.952521410519109963e+02,2.006406328830771031e+02,3.125154642554008433e+01,4.211651236592962277e+01
1.936581735192162341e+02,2.007272522200858020e+02,3.150243583729235297e+01,4.225260193329128811e+01
1.900063196784959700e+02,2.011423797915799412e+02,3.176502639436517939e+01,4.237511365603549507e+01
1.865361939057172549e+02,2.019582066150506421e+02,3.226852802358274630e+01,4.265802280263469015e+01
1.818547903929125482e+02,2.008546859053626576e+02,3.276314477579308004e+01,4.306548608031192771e+01
1.743475416312104187e+02,1.980979063474011355e+02,3.324532961442341161e+01,4.365550976636498604e+01
1.668659042722896686e+02,2.009194734695643092e+02,3.406409298043223544e+01,4.402603320149606247e+01
1.602450323457359218e+02,2.010359453916214534e+02,3.472245583861820251e+01,4.449914393118655198e+01
1.492457765935112945e+02,2.010449713737122579e+02,3.528363776570267873e+01,4.510817622728700371e+01
1.357071954750705629e+02,1.993783730176649556e+02,3.571728723700331898e+01,4.583000327311302158e+01
1.229299735695076947e+02,1.984287646331323458e+02,3.630007821507831522e+01,4.638368296625077392e+01
1.123727301149339013e+02,1.946402436904351134e+02,3.686469333026745687e+01,4.697804550286198833e+01
1.032431025079561664e+02,1.878229569421660017e+02,3.767494438075411267e+01,4.770529235328856998e+01
9.313633329975391462e+01,1.791622295882532114e+02,3.822554169763179743e+01,4.854739153630328019e+01
8.170668923842012532e+01,1.680952465215337952e+02,3.877506388289322103e+01,4.939633404931140603e+01
7.475822840563232319e+01,1.545252429177747047e+02,3.916386657932669380e+01,5.026656864784581558e+01
6.651673128157339931e+01,1.422960493453115021e+02,3.939104503858550288e+01,5.096923463840104773e+01
5.839881476368810809e+01,1.334237398542484812e+02,3.899551275721199772e+01,5.147735961153952644e+01
5.237220641805724597e+01,1.251619257244389161e+02,3.848954683003098864e+01,5.174889161748721733e+01
4.827973196249851640e+01,1.193233741500252449e+02,3.782205718827799501e+01,5.183861341642278830e+01
4.759084414527528395e+01,1.154403514481761306e+02,3.857231883872860578e+01,5.180126944054106275e+01
4.752614497125938442e+01,1.133984188091716874e+02,3.910072861612005113e+01,5.185900669194853663e+01
5.046279934183370131e+01,1.134441907517221750e+02,3.961935989425194293e+01,5.177198335902087933e+01
5.194384517826061654e+01,1.136754981326188414e+02,4.021856273798053394e+01,5.177385320407107372e+01
5.073419488348196182e+01,1.139885116980823767e+02,4.046503111902924843e+01,5.163468036781371495e+01
5.072531991762608072e+01,1.157966865686871074e+02,4.065671519895994379e+01,5.142952816777534508e+01
5.231722588002514840e+01,1.173701242558485802e+02,4.065144054458195910e+01,5.118747247847464621e+01
5.393543801593948217e+01,1.219687138751192350e+02,4.068671798111851956e+01,5.081093819535486489e+01
5.461590477163680646e+01,1.244014314431452704e+02,4.052316710084387807e+01,5.022199013668188172e+01
5.401229770498453320e+01,1.284056369058987457e+02,4.016066511209172063e+01,4.938997646744746817e+01
5.630202153880206595e+01,1.301638006526580682e+02,3.976611773896529201e+01,4.869107818395229970e+01
5.689132695394445705e+01,1.324634023979672861e+02,3.913809588291680086e+01,4.779149609344733562e+01
5.889326117317050091e+01,1.351844717982821464e+02,3.862688316365215258e+01,4.709970308747884360e+01
6.036951917992738004e+01,1.354978128880631800e+02,3.802417235092973158e+01,4.636421601962825889e+01
6.160421792292206078e+01,1.356018995883962930e+02,3.731641191645748279e+01,4.587675521741041962e+01
6.496808332214709480e+01,1.383256792160489681e+02,3.666917087195687941e+01,4.538992519932531877e+01
6.584214437644068596e+01,1.398461204865517971e+02,3.591781246442842246e+01,4.492786153963598395e+01
6.729283903904610042e+01,1.427154530911938082e+02,3.504202879996050513e+01,4.444360545477687197e+01
6.814128173645192987e+01,1.450575233512190607e+02,3.416488197387036507e+01,4.391508943775573925e+01
6.878155823902834243e+01,1.483850525519732173e+02,3.313211013079227030e+01,4.337474202304079540e+01
7.012988085598844634e+01,1.507866648295465382e+02,3.210052554889315957e+01,4.284444357741116960e+01
7.061905006594059842e+01,1.522411292291329232e+02,3.102441074164769930e+01,4.234915663014544407e+01
7.226212747144469972e+01,1.538380561596544567e+02,3.013049209311971310e+01,4.187136732412125184e+01
7.443737226375594673e+01,1.533122303300930582e+02,2.946520162699293621e+01,4.162834770905919868e+01
7.724163623792405531e+01,1.517762141608744457e+02,2.885531288482245316e+01,4.145359628709940125e+01
8.155877454623768585e+01,1.487420919028562594e+02,2.827349083580247679e+01,4.139806593595949380e+01
8.699286668386987742e+01,1.443687154527071357e+02,2.776016920536942223e+01,4.138521761627868045e+01
9.538945655896201004e+01,1.360027720563461742e+02,2.727057738821913802e+01,4.138446281553331119e+01
1.019164055233916741e+02,1.306505582210527336e+02,2.702788278974425396e+01,4.136509583083267216e+01
1.090422564768883547e+02,1.259707764089279607e+02,2.689575867076004556e+01,4.133465934488712890e+01
1.176152161355648502e+02,1.202862434189720062e+02,2.696642181858982212e+01,4.136388685264473963e+01
1.273109388060595109e+02,1.155790316417750887e+02,2.707296594069694606e+01,4.147566815307379784e+01
1.356295794384075748e+02,1.101298160057704507e+02,2.717486043620488090e+01,4.169475130193215762e+01
1.441300344504942643e+02,1.039536176575012121e+02,2.728027204513870174e+01,4.199413306681674385e+01
1.546950077920105571e+02,9.937791700181017518e+01,2.743572772443224039e+01,4.243883973006342103e+01
1.655911826340745279e+02,9.728966792089677540e+01,2.765003071433253012e+01,4.295783014375426490e+01
1.758786120640208139e+02,9.322889844368097556e+01,2.786173387930176659e+01,4.354653960657023504e+01
1.847744195651860935e+02,9.209467421690894184e+01,2.810984304595157823e+01,4.434841555233532517e+01
1.936917888438934199e+02,8.991877512269105921e+01,2.829586067993241727e+01,4.522313714713395427e+01
2.005089735315643225e+02,8.705175734665425580e+01,2.852777439685354466e+01,4.620371230957286457e+01
2.068192770405697161e+02,8.700061938622373248e+01,2.874316395508657251e+01,4.722214676687381996e+01
2.132927049309232927e+02,8.922308281936864205e+01,2.899802930244536014e+01,4.817386340636178943e+01
2.191316253776972474e+02,8.785655259928942939e+01,2.914047882489248309e+01,4.914104056642572971e+01
2.247633940945327424e+02,9.058590303345167172e+01,2.937855296735952493e+01,5.002357445224004096e+01
2.256222970119647186e+02,9.549671962194503294e+01,2.968028183221426275e+01,5.088909052030311386e+01
2.253967054600074960e+02,9.801878674211278053e+01,3.003362916877665612e+01,5.181480685103034034e+01
2.264450910160173009e+02,1.035575640427405659e+02,3.040695524601764532e+01,5.266722301509555848e+01
2.248894715774702604e+02,1.100034310191940961e+02,3.099568563708101010e+01,5.369385590214088211e+01
2.244751724831994579e+02,1.153634173903773785e+02,3.159314055657665676e+01,5.446278431615391469e+01
2.199556545545144104e+02,1.215122316562960378e+02,3.221456400840637002e+01,5.524043409177342312e+01
2.163508909718671305e+02,1.262485151336787226e+02,3.281533475220967944e+01,5.603879391489127215e+01
2.125809891347017810e+02,1.309817319647392821e+02,3.355479506841669490e+01,5.673632347675550136e+01
2.085845680486906986e+02,1.336390439768537419e+02,3.423745648489867222e+01,5.748093911907912457e+01
2.036735525604457848e+02,1.359338100048117894e+02,3.508623521340169304e+01,5.804862259346145947e+01
1.943105411619380050e+02,1.376768407980809457e+02,3.577674426218774784e+01,5.886533704803341038e+01
1.872019279878313114e+02,1.376593120061029651e+02,3.656712654374845783e+01,5.960608581662913252e+01
1.786368378503561019e+02,1.368536198092959637e+02,3.735303409776381045e+01,6.041769412812087126e+01
1.702276090423500250e+02,1.360336555033372861e+02,3.816636438680041010e+01,6.112945952231518731e+01
1.593649303910378308e+02,1.304736916725898936e+02,3.889569257935659152e+01,6.217414534344541721e+01
1.501097990353199521e+02,1.255478360349934803e+02,3.953943877016891406e+01,6.295862175837064001e+01
1.418129825495301191e+02,1.172265244344348645e+02,4.015288670376506275e+01,6.353350792016435378e+01
1.343069560822086146e+02,1.090373148318887928e+02,4.066842387467769981e+01,6.400079491832464385e+01
1.260663319051654696e+02,1.049092732070138538e+02,4.104603429065303999e+01,6.412479673483088050e+01
1.212892112542513985e+02,9.846558072222754276e+01,4.139447617028704940e+01,6.406207816886038131e+01
1.145235135145777150e+02,9.519035521055747040e+01,4.141053959953778474e+01,6.380979321694709938e+01
1.097977424001528846e+02,9.089773149642650196e+01,4.140881478980728048e+01,6.358251320509626225e+01
1.038840293483203112e+02,8.663566394567595808e+01,4.123851304457853928e+01,6.331651875042214783e+01
1.010197085549628753e+02,7.996566936236692413e+01,4.110318022451227193e+01,6.298157928553834495e+01
9.568921280023971576e+01,7.295251071770154283e+01,4.067760658640418114e+01,6.253029880926872863e+01
9.122799606734082545e+01,6.842816096865107056e+01,4.054264056161679264e+01,6.218142582448390954e+01
8.709847615930205222e+01,6.182595916242667045e+01,4.030892766204091515e+01,6.168452353875576932e+01
8.502433872160432315e+01,5.686276450590770537e+01,3.994433153373496737e+01,6.089984795877919055e+01
8.371596392666887709e+01,5.448923064731350507e+01,3.950388878820909611e+01,6.010902104155530878e+01
8.263267746808104164e+01,5.402913096705586327e+01,3.890703268039791851e+01,5.919594107008533967e+01
8.058625688135177256e+01,5.509882479432286573e+01,3.826744210146652847e+01,5.822372553424079911e+01
8.018984167234624749e+01,5.641676005959563156e+01,3.765367947868644194e+01,5.741841161834567231e+01
8.049838773642187562e+01,5.591041637638407735e+01,3.707698443225251594e+01,5.657255828020142019e+01
8.065727696345884112e+01,5.485963162174262209e+01,3.645041678381356576e+01,5.572815736007737542e+01
8.110063602448342124e+01,5.478945681378795030e+01,3.582228160898780800e+01,5.483628576300624502e+01
8.025177530798603698e+01,5.514854155134116809e+01,3.512933972922320436e+01,5.392396814603095834e+01
8.076758507907996432e+01,5.799896406141212424e+01,3.448914254281905301e+01,5.309894901538613965e+01
8.068066268783707073e+01,6.187188613563910167e+01,3.386243310003928286e+01,5.230991808626188799e+01
8.077674024149153809e+01,6.764680409039360143e+01,3.322662185493614118e+01,5.153481844375252763e+01
8.006777525982060695e+01,7.452321401932940148e+01,3.255200526727234944e+01,5.065253098412114241e+01
8.029083175955912566e+01,8.200223923357052058e+01,3.182948333641411409e+01,4.971736203911652296e+01
7.781819200458312480e+01,8.656089124353333375e+01,3.113582951547243738e+01,4.897448082622183563e+01
7.737655993123460973e+01,9.048230989617491105e+01,3.045248389820322643e+01,4.808023168536209369e+01
7.685057532614186471e+01,9.248731058894493628e+01,2.981065516652799374e+01,4.744207165594484366e+01
7.742816073519901465e+01,9.474459261961803236e+01,2.922105616158027885e+01,4.669368838262127497e+01
7.646477193118019500e+01,9.639613741974009997e+01,2.862889147176001359e+01,4.613142647569286225e+01
7.529562056052409957e+01,9.624260046410580571e+01,2.803396901936369545e+01,4.558226727385155641e+01
7.462363726356853988e+01,9.600534926133001079e+01,2.744731658989128675e+01,4.514381719548170224e+01
7.494292072438483387e+01,9.789763647325273155e+01,2.686849377034334907e+01,4.468092313838408813e+01
7.404848604866757000e+01,9.962842135275495536e+01,2.630812020605569046e+01,4.430364080619436606e+01
7.761801520766429974e+01,9.662894224870416338e+01,2.573010937643381624e+01,4.393496701345841871e+01
8.078170369405738427e+01,9.672261248214080354e+01,2.527899549915348132e+01,4.365165183045580477e+01
8.709876979850686496e+01,9.293803352927973549e+01,2.499048848498996733e+01,4.351285276049979700e+01
9.503836128726192101e+01,9.102651030636883434e+01,2.478590343172763255e+01,4.350657162904349207e+01
1.031231577434465692e+02,8.237270510081324915e+01,2.472440226955077947e+01,4.359390930449961843e+01
1.154224154256530710e+02,7.937714283292419282e+01,2.472667831354982582e+01,4.362318219513170447e+01
1.268267038957377508e+02,7.514110539091008434e+01,2.466858091939059250e+01,4.395845930181882011e+01
1.386540519610161368e+02,7.058974639145392871e+01,2.455791116520470041e+01,4.442111797116567118e+01
1.515807620997461811e+02,6.773035907640962705e+01,2.443740896902906456e+01,4.496753390793062977e+01
1.626182702190375551e+02,6.689221805274510757e+01,2.418967027247566648e+01,4.545248688763518885e+01
1.748191885951330278e+02,6.813982725635307247e+01,2.421754463713619998e+01,4.604726629356632372e+01
1.868176059282453139e+02,6.972069823324351034e+01,2.447207163718496759e+01,4.653588560180881473e+01
1.983516013977051955e+02,7.169671250162255660e+01,2.460694912132166223e+01,4.718199505328223609e+01
2.092312729841071928e+02,7.433596279271765184e+01,2.476256354616330668e+01,4.767707393539259897e+01
2.161243741378602294e+02,7.946841843145658402e+01,2.490211353729887378e+01,4.839467676764438409e+01
2.227347745968619677e+02,8.324095199073369145e+01,2.554083404365181309e+01,4.907157107714266431e+01
2.248814549965971139e+02,9.195254952070686727e+01,2.636608846585875199e+01,4.980803568712374840e+01
2.300488476379736085e+02,9.613840909190621176e+01,2.678533728812533354e+01,5.089591778200518490e+01
2.311094401817210269e+02,1.004224728703751168e+02,2.773422530387927054e+01,5.183221834273814466e+01
2.299829997697090107e+02,1.039067378503138599e+02,2.847092276218472762e+01,5.292624882442088108e+01
2.271156620737637013e+02,1.084414359669520280e+02,2.904834056793271202e+01,5.419311336675589530e+01
2.209598000268146620e+02,1.132050813295850560e+02,3.013198144416810464e+01,5.515166565013683453e+01
2.135393406626548369e+02,1.174947090245716197e+02,3.115756753026997217e+01,5.623230480979006529e+01
2.057559206388535529e+02,1.199484322570598636e+02,3.238780754567031295e+01,5.733650133234982604e+01
1.964967369992605768e+02,1.212065347857458022e+02,3.367983563299173966e+01,5.846130442691857354e+01
1.858528862379783106e+02,1.232367822323926703e+02,3.480725129771502679e+01,5.974318990957263509e+01
1.763923590838464861e+02,1.247374608801637095e+02,3.562026698016620685e+01,6.123611611693429779e+01
1.679976782355937530e+02,1.236734516160129118e+02,3.623453379408510955e+01,6.302532690002591664e+01
1.590026357641721972e+02,1.207522709062339459e+02,3.623837296311475598e+01,6.509153152677694720e+01
1.489754930968956899e+02,1.162080605548348302e+02,3.589415605343486959e+01,6.719371922605326120e+01
1.389018166652417676e+02,1.125316744842535712e+02,3.676767747723934576e+01,6.890617089913094162e+01
1.293487952984377500e+02,1.085416109977525707e+02,3.792367147782445613e+01,7.006696281760667944e+01
1.214847406772031491e+02,1.071825904859177285e+02,3.903708002204041350e+01,7.085316623862942720e+01
1.156362964997767619e+02,1.032453689760236557e+02,4.005639505915414134e+01,7.161427869443718919e+01
1.084731291137643012e+02,9.851408560958688554e+01,4.089009273518239240e+01,7.222588316114470786e+01
1.034626888345662650e+02,9.268857106096226062e+01,4.151405115042125260e+01,7.318977082677014323e+01
9.937695218031262812e+01,8.435887536786310648e+01,4.177394022386377515e+01,7.411177900714989164e+01
9.561752946977971135e+01,7.454372358574826762e+01,4.166301563705899014e+01,7.508382187275358888e+01
9.011757291515341706e+01,6.444060414199054776e+01,4.109810413457508105e+01,7.594669683643729741e+01
8.533892956239986916e+01,5.744151949459727291e+01,4.077301464739610992e+01,7.626997768754550577e+01
8.197225005800592612e+01,5.343618820578279838e+01,4.050755765285487087e+01,7.623018013554096228e+01
7.937812160365831460e+01,5.107523529846461940e+01,4.103007658068688102e+01,7.633211073979698824e+01
7.488476512811207897e+01,5.156684684186531342e+01,4.137244550286459344e+01,7.618225707167971450e+01
6.970119088080880942e+01,5.263452678449955613e+01,4.108836575327146079e+01,7.562368898431422792e+01
6.365262034305484917e+01,5.515824716175235665e+01,4.070802878350335163e+01,7.478341300449439188e+01
5.851189260076378673e+01,5.991955078538008195e+01,4.010000310140604540e+01,7.367730440944028203e+01
5.260691310503246143e+01,6.282347417253322419e+01,3.925244085379540593e+01,7.242090737230122954e+01
4.798274662258602064e+01,6.806602017806150684e+01,3.845363924819133672e+01,7.114394019107734835e+01
4.296228545998876314e+01,6.930954840552175256e+01,3.742499009360825823e+01,6.963146888274604862e+01
3.837238597150489738e+01,7.118698002779606782e+01,3.627158143047792294e+01,6.799516080632017179e+01
3.332826163289854549e+01,7.226879424374388350e+01,3.508236463526122861e+01,6.632947064194510745e+01
2.936504644274822340e+01,7.394839454418034563e+01,3.382063481019065421e+01,6.451377356704516330e+01
2.631045453898573783e+01,7.741164927790586603e+01,3.253634089956456421e+01,6.276614715530212152e+01
2.403086206609796704e+01,8.101216208710854971e+01,3.124373830753650338e+01,6.089894163715098330e+01
1.996473745503311648e+01,8.451090276215163044e+01,2.988886040282442025e+01,5.932757231171996182e+01
1.871577778224531130e+01,8.571686295346313500e+01,2.872164905720306649e+01,5.782443632132165590e+01
1.888392365054048128e+01,8.837538382047097230e+01,2.785218935258897943e+01,5.645085237420900626e+01
1.672334498949231829e+01,8.885283423406016823e+01,2.661947872460309839e+01,5.519683682315056217e+01
1.653001272889466122e+01,8.891547335764458637e+01,2.553812202946440379e+01,5.400192577500696700e+01
1.652318515178606617e+01,9.015418512130952422e+01,2.456994557404894408e+01,5.287532851538730938e+01
1.876242187114098670e+01,8.956117317586199533e+01,2.365274731779962281e+01,5.189125029843316383e+01
2.049948166227926549e+01,9.200214351624194364e+01,2.264908393105854145e+01,5.092563377080503528e+01
1.936360351897710075e+01,9.138005075886215423e+01,2.147033138534698082e+01,5.003538058798437760e+01
2.468817634472867439e+01,9.386188098542902480e+01,2.055333370188111530e+01,4.912147054328738704e+01
3.485163743367286315e+01,9.454002505099512632e+01,2.004014277927258547e+01,4.822319965697820976e+01
4.309447162909199847e+01,9.391749562974035825e+01,1.994041148833767352e+01,4.744535933176609888e+01
5.166196073735021344e+01,9.131010333216403296e+01,2.021362336614174637e+01,4.674868826290529000e+01
6.017543917942279563e+01,8.658987469961567740e+01,2.067344585484724462e+01,4.629456413506866852e+01
7.274263938312587641e+01,8.171269730169143486e+01,2.128410141694762103e+01,4.587067711086828581e+01
8.606605508970370977e+01,7.700653389817381367e+01,2.175745214900355506e+01,4.548725284142180669e+01
1.011024545783332371e+02,7.276677160159727009e+01,2.228427126510948142e+01,4.515394722615576484e+01
1.126421390107034171e+02,6.891472557719498582e+01,2.269180996304088183e+01,4.497510754001966404e+01
1.297840883312934750e+02,6.009236233799491345e+01,2.307720534952483149e+01,4.474069588222515392e+01
1.407974468928659917e+02,5.885150068296407255e+01,2.341069677995267284e+01,4.465381266670281946e+01
1.530100952040114919e+02,5.599906918221797980e+01,2.457863372758387754e+01,4.454042491572423046e+01
1.639186331910100307e+02,5.569837059294050619e+01,2.584836571525681848e+01,4.442879625391059051e+01
1.744034280119707034e+02,5.621121092463583580e+01,2.702275810125897237e+01,4.436465833617836552e+01
1.831988603706820413e+02,5.602499307901295822e+01,2.830763440546303400e+01,4.401095605967985591e+01
1.926019550452548117e+02,5.506805566170815780e+01,2.958659008725064155e+01,4.392032707521022417e+01
2.010519425727309226e+02,5.513943328788992915e+01,3.121145634869125729e+01,4.374478881278470510e+01
2.098843668614241551e+02,5.659687058817493721e+01,3.258848571297019703e+01,4.363209369524514614e+01
2.185989104140518862e+02,5.703244822271479109e+01,3.366281477873212680e+01,4.373242982124553180e+01
2.261699834382383756e+02,5.764197614945614134e+01,3.482946368989564689e+01,4.370816659758368417e+01
2.318562222393759384e+02,6.025495188077978526e+01,3.608556220057141672e+01,4.371912626860134310e+01
2.364375794708668650e+02,6.314855414724529226e+01,3.705532384303643312e+01,4.378801353027057530e+01
2.398246447812094289e+02,6.613150555882023696e+01,3.800520023465236363e+01,4.392642344677582855e+01
2.410529167400997039e+02,6.802432112265822184e+01,3.897645713605299989e+01,4.412147700819630813e+01
2.393871457460875263e+02,7.068675378911802909e+01,3.999178000806773525e+01,4.446761111210149409e+01
2.356923959636603740e+02,7.135124309821895849e+01,4.083574903749502027e+01,4.512893886243556096e+01
2.313010065457476117e+02,7.474819086414645142e+01,4.178785558751707185e+01,4.603859965117018760e+01
2.223996313599462269e+02,7.826552728588578134e+01,4.262508895563200895e+01,4.682419354061924821e+01
2.152875436159671381e+02,8.370010772034783031e+01,4.351216221509315574e+01,4.755332014190608447e+01
2.069734375772775081e+02,8.725038380196011190e+01,4.439165729031734031e+01,4.872160377088820837e+01
1.982447105470213842e+02,8.979545558539382455e+01,4.466135477956282784e+01,4.921470205015103261e+01
1.898889223996828548e+02,9.322625844109612103e+01,4.483459443038341874e+01,4.982303190636494605e+01
1.795946522624201975e+02,9.520083758949411390e+01,4.489563390501626827e+01,5.042884742284408617e+01
1.677929483228509469e+02,9.696744715434917339e+01,4.493582403450798779e+01,5.087719506175588435e+01
1.552482828442907135e+02,9.768708024728377382e+01,4.455637261152332940e+01,5.096676826307063379e+01
1.462692416566732732e+02,1.018581737719859888e+02,4.463214899757474541e+01,5.116212489522386875e+01
1.381206802683536523e+02,1.051207894637944236e+02,4.441452083381341254e+01,5.112330777398501880e+01
1.289797399732144356e+02,1.072804475212525972e+02,4.387105889919692459e+01,5.105940033358302799e+01
1.228228489252363147e+02,1.093189828088433160e+02,4.293699707571860813e+01,5.113144002233880769e+01
1.147249255649319508e+02,1.085205844601879193e+02,4.210493635684481717e+01,5.181359109475359048e+01
1.075697475268146093e+02,1.068436770323330762e+02,4.126817645905506993e+01,5.230545761324493981e+01
1.042979627156979348e+02,1.053691816514607780e+02,4.042838046554632569e+01,5.273452816359035467e+01
9.850488544418595893e+01,1.050888565804114450e+02,3.916106792642435153e+01,5.333658334987059391e+01
9.519095441984181605e+01,1.045107335581531345e+02,3.827607324733760663e+01,5.369890845159702053e+01
8.861528178211553097e+01,1.031467175305381119e+02,3.678211793332631885e+01,5.414945169892952492e+01
8.396412936450211362e+01,1.015016033196767751e+02,3.572134665314219149e+01,5.437851193044329534e+01
7.900938610643255799e+01,1.004899296960685433e+02,3.449131156680586230e+01,5.465283471566044682e+01
7.699030121118438785e+01,1.006023001543969144e+02,3.384915759848898631e+01,5.514298581829342538e+01
7.234767216507098908e+01,9.746515870539477078e+01,3.334577873907156231e+01,5.588406450374816359e+01
6.660557568388392724e+01,9.401232440486411690e+01,3.275300345433149118e+01,5.651343303603088941e+01
6.310777352851539490e+01,9.247787536778471917e+01,3.212135428802079673e+01,5.688277959322491029e+01
6.068333230123785427e+01,9.013377501057050267e+01,3.201585982671660702e+01,5.698650727369249580e+01
5.729542492715401636e+01,9.005709938864447395e+01,3.218862380186520511e+01,5.682897340630640315e+01
5.562402711376896036e+01,8.971691667247520741e+01,3.204762502821175474e+01,5.647633215459504186e+01
5.295835982149546339e+01,8.906907164532069032e+01,3.188997065341965254e+01,5.597643981843017968e+01
4.975696854456104745e+01,8.827374701282894875e+01,3.160786928045051525e+01,5.542387095467722702e+01
4.762627596114118944e+01,8.845603714413215357e+01,3.137089365956565246e+01,5.476865168105587145e+01
4.456051977367894779e+01,8.790843878767415731e+01,3.106744474174719528e+01,5.410468684386964355e+01
4.220293894813647739e+01,8.621871358508943217e+01,3.084447277231251405e+01,5.343303050680711408e+01
3.904714343402243060e+01,8.486813864312523492e+01,3.053588031684876114e+01,5.277689705092873851e+01
3.520908650098355963e+01,8.243033016833371107e+01,3.021804158597223022e+01,5.207632368990809368e+01
3.365493442243052868e+01,8.604438614123925788e+01,2.972630090710464401e+01,5.123505835634669836e+01
3.316340320717188206e+01,8.968138999009406120e+01,2.926996634908165618e+01,5.029230982345026746e+01
3.152499477866382449e+01,9.087326587666969147e+01,2.873590791236232178e+01,4.935101655555472178e+01
2.952428797903260715e+01,9.247836789896561527e+01,2.829375777544088066e+01,4.845074001314105772e+01
2.840747274879601036e+01,9.381838206313975093e+01,2.788624872521087639e+01,4.752649122297319195e+01
2.801690066063503082e+01,9.529027369751744914e+01,2.755717332102706507e+01,4.664276964961493377e+01
2.887987963927648138e+01,9.324984635205467498e+01,2.737681788549343764e+01,4.579424061623080888e+01
3.015108430600199085e+01,9.340371184163267060e+01,2.729167882436395587e+01,4.500311022748577727e+01
3.410522143947147811e+01,9.503325684448361699e+01,2.720139644416752844e+01,4.414927266003167006e+01
3.659530682811683278e+01,9.577363450092430242e+01,2.796565320450082481e+01,4.336169920855270732e+01
4.249728877527032012e+01,9.691893749020817950e+01,2.919617949281668245e+01,4.245132976394620528e+01
4.752841880092719862e+01,9.571044553329252835e+01,3.012307859502482188e+01,4.169257402950884739e+01
5.508321558172201549e+01,9.377971038284215410e+01,3.122632447819705703e+01,4.084224942259666591e+01
6.317841241617915671e+01,9.189786617419139247e+01,3.240308569080980305e+01,4.014820011057281590e+01
7.359697212811762768e+01,9.165440891310886684e+01,3.362199396332837864e+01,3.928565959666865126e+01
8.269666581954393791e+01,8.821297998403429119e+01,3.459651859930914952e+01,3.872321685705684047e+01
9.511547210254261131e+01,8.408235296853160889e+01,3.562461179961852054e+01,3.814590308482365799e+01
1.060912230573931367e+02,7.893147041055669888e+01,3.651586677220191746e+01,3.762284674968645959e+01
1.180902939371360958e+02,7.507642085501163365e+01,3.735981824260727535e+01,3.702685053173740926e+01
1.293299088164811508e+02,7.256585367529268638e+01,3.796842718783165083e+01,3.645840489521322070e+01
1.414987462630950859e+02,7.171072444858830863e+01,3.855560750036585205e+01,3.629301876874372113e+01
1.542982699213702631e+02,7.172209273318796363e+01,3.898918130108529567e+01,3.674679063857205108e+01
1.643579046253167633e+02,7.202199014895558093e+01,3.930582613596104125e+01,3.703310396361322887e+01
1.767930895123476205e+02,7.284929598034803178e+01,3.961674222417306623e+01,3.733480633615988609e+01
1.868564640518191027e+02,7.344736272407007505e+01,3.990352953121944779e+01,3.779274611707464260e+01
1.976557008822673538e+02,7.509656412937806635e+01,4.012367899642168823e+01,3.794708368594361048e+01
2.075654327301899116e+02,7.543494230613175944e+01,4.036702024876302630e+01,3.851994741240429221e+01
2.170935515223375205e+02,7.699460160515414486e+01,4.049541907054407375e+01,3.893506714476231423e+01
2.257272559228896966e+02,7.816846900818927679e+01,4.056873045252268639e+01,3.947761787480908424e+01
2.314895125217198313e+02,8.035554457561124764e+01,4.076001488872137202e+01,3.997465363518115566e+01
2.373841003068448003e+02,8.288681682251558414e+01,4.078007206539706431e+01,4.048565952613992636e+01
2.415148254400447740e+02,8.449918573044925552e+01,4.074029573789613323e+01,4.105832692189778754e+01
2.446055275006931709e+02,8.737067568079805824e+01,4.067072726687715090e+01,4.161298457928111816e+01
2.459076737904539982e+02,9.214598702936757491e+01,4.045860352071309762e+01,4.207904421070355738e+01
2.466449694429507247e+02,9.437271500048876760e+01,4.035213366800721246e+01,4.253200934302446967e+01
2.469435863501744848e+02,9.750776316906006969e+01,4.021363466039048262e+01,4.307315439677091717e+01
2.470155744786104037e+02,1.004686915315571696e+02,4.031520431266335436e+01,4.357634927922788393e+01
2.444184295235107527e+02,1.041639579748285485e+02,4.058415860316242174e+01,4.404116405947837620e+01
2.417802278266332792e+02,1.079628008175803302e+02,4.107213508534579205e+01,4.486002016791411506e+01
2.382032040839462752e+02,1.094829610662796711e+02,4.150442317953263682e+01,4.543894439906432581e+01
2.326638030968587714e+02,1.105409441847213259e+02,4.210029747324472282e+01,4.624107092335574976e+01
2.262980853143338322e+02,1.123790732082904640e+02,4.256961236722651165e+01,4.686609453118020951e+01
2.201178632753245097e+02,1.119394728178134670e+02,4.294635219220191402e+01,4.761990711284811084e+01
2.128849358848519842e+02,1.113662924463425128e+02,4.360051276382364449e+01,4.823493892744865263e+01
2.036236776194353979e+02,1.122306860697399316e+02,4.430168131008969112e+01,4.878962458068633623e+01
1.926534867836785452e+02,1.117877020278881730e+02,4.506081663772238244e+01,4.930635793520721677e+01
1.887094483597326189e+02,1.132263065052380284e+02,4.574271804264003549e+01,4.984155366408390364e+01
1.849118105600314834e+02,1.095750420352354979e+02,4.642846748963992809e+01,5.028675471144785547e+01
1.803612797038909434e+02,1.090534706192319732e+02,4.705416972033552270e+01,5.078772354286724067e+01
1.750372925827192887e+02,1.098101339036530959e+02,4.746787857094969354e+01,5.140606035356252335e+01
1.712362998818774713e+02,1.063763619511038598e+02,4.794948475104772001e+01,5.192777605926895035e+01
1.686912095747841249e+02,1.069036264916433083e+02,4.824594512031575277e+01,5.255274491166929351e+01
1.656534065950945376e+02,1.050917526636443995e+02,4.857336164551350066e+01,5.309518711066010610e+01
1.644472346288167728e+02,1.045760211931678754e+02,4.865529593805686659e+01,5.370638749505125986e+01
1.627393163122860074e+02,1.040889926067041245e+02,4.963235812925955770e+01,5.429526424099313431e+01
1.600825699989448481e+02,1.036700610494449393e+02,5.073772985988932760e+01,5.470518856249665873e+01
1.566497351295765270e+02,1.020446774022734928e+02,5.152994287073701685e+01,5.511725275611476604e+01
1.545331075032912054e+02,1.024573889017362376e+02,5.234374325411852169e+01,5.538293016468207952e+01
1.494379505248491569e+02,1.031833552036676451e+02,5.308564588223285341e+01,5.554984797426772047e+01
1.464503396872339636e+02,1.055999952301825857e+02,5.364142850758983627e+01,5.566206329697915578e+01
1.414147324435973587e+02,1.098946311753406206e+02,5.396778907793247981e+01,5.551534637652402182e+01
1.356967640105363273e+02,1.151262256780200488e+02,5.422148711408482313e+01,5.521114182798440595e+01
1.294232532549454504e+02,1.198605369988103604e+02,5.432629239627971174e+01,5.465961641422784112e+01
1.232890251070037380e+02,1.233068053073367736e+02,5.428612800651217185e+01,5.389341437271839652e+01
1.162948322897474327e+02,1.280742139678270632e+02,5.406948350384030277e+01,5.285697616039163904e+01
1.095289453156447621e+02,1.322441100699176388e+02,5.359534296260102337e+01,5.164111193221279450e+01
1.028856297108760600e+02,1.365165980826490681e+02,5.305651308095676200e+01,5.032689453423699888e+01
9.534864633473422657e+01,1.413679398115589265e+02,5.216336269360665767e+01,4.891075229541644376e+01
8.901578561022981262e+01,1.443698998503950293e+02,5.118641897336189572e+01,4.765294217975628044e+01
8.158886400261363292e+01,1.477273341362478050e+02,5.008142801846562975e+01,4.642540715118730077e+01
7.515510320500555963e+01,1.502073071263895088e+02,4.897832110269743566e+01,4.534093005318607084e+01
6.911782168447651031e+01,1.508047299420427976e+02,4.778809938769028065e+01,4.444375254142397580e+01
6.312272437980467998e+01,1.542945240184986062e+02,4.661232445263536306e+01,4.340972965021259711e+01
5.696426445246522974e+01,1.555045751612984759e+02,4.538131661500464986e+01,4.243150727113226139e+01
5.258276349393845805e+01,1.552471845140017876e+02,4.416669325945308344e+01,4.153049861194898540e+01
4.901116289473192467e+01,1.559517268520171456e+02,4.295732014065144710e+01,4.063017614069502770e+01
4.675234301476866960e+01,1.533534655770388326e+02,4.191166639293786034e+01,3.974949798893493380e+01
4.275404241954512941e+01,1.528056142637729806e+02,4.070357698664419388e+01,3.897782320022835734e+01
4.235104396571374252e+01,1.510030758398806654e+02,3.964976156537483121e+01,3.840558060461435730e+01
4.120646094488147071e+01,1.476278426145959202e+02,3.863169297351633702e+01,3.793692976703832187e+01
3.934911678488248299e+01,1.427970646982315657e+02,3.755148725570579415e+01,3.751249294505083753e+01
4.013842957163163305e+01,1.398605460760609844e+02,3.657609185261731000e+01,3.728843482884610694e+01
4.117152038990822405e+01,1.381074625249067935e+02,3.569953571622023958e+01,3.721505016297052748e+01
4.542187535062612369e+01,1.370180355757935615e+02,3.496763573360534849e+01,3.707669095761454514e+01
4.811233705968416530e+01,1.350351487704726310e+02,3.409535903434253612e+01,3.711096135633323456e+01
5.369758687454445578e+01,1.309671254847343107e+02,3.345946042044026569e+01,3.710450029018264217e+01
5.842230933287542882e+01,1.237537084026117213e+02,3.271814087660445125e+01,3.709097223027396240e+01
6.627426879291112982e+01,1.185838313029456685e+02,3.213862348662769364e+01,3.703678977125085225e+01
7.426158222522650476e+01,1.141200265031766463e+02,3.126336538643025165e+01,3.704631792121109868e+01
8.466766639062848299e+01,1.097905089225754267e+02,3.049933885362483466e+01,3.714338643297297438e+01
9.542197909847499204e+01,1.065837820958148825e+02,2.968486188879109022e+01,3.718264809912821534e+01
1.070973344409195818e+02,1.047124244164749598e+02,2.859732616732793531e+01,3.727265966243743378e+01
1.187546847813559907e+02,1.023699315604964681e+02,2.774318142090237416e+01,3.734280214358548733e+01
1.319766040869089636e+02,1.009296360650419757e+02,2.672383788410928673e+01,3.741729156382915278e+01
1.436685240054118253e+02,9.935138526135612835e+01,2.584628451777342661e+01,3.742624527802128398e+01
1.559617340386223532e+02,1.000932924669308761e+02,2.498397544849734686e+01,3.743849507118423503e+01
1.667942602026514862e+02,1.006324782068005845e+02,2.467519041382644218e+01,3.741779013497588835e+01
1.788624167619634306e+02,1.003527740416478053e+02,2.435396667471152909e+01,3.734381493853412337e+01
1.886944065121810468e+02,1.031489800019182184e+02,2.399062152967329098e+01,3.721524158019356321e+01
1.971771620582516107e+02,1.067602718612810122e+02,2.353038818062378823e+01,3.705406223215064188e+01
2.055175646688815618e+02,1.120675753866278512e+02,2.307657846460335804e+01,3.681691336125743419e+01
2.107029890479570042e+02,1.156711155178876851e+02,2.265808024862465686e+01,3.655440398278558689e+01
2.154689740277075600e+02,1.205869102784894977e+02,2.222022350020139925e+01,3.635869151433364266e+01
2.189296869354021169e+02,1.216443654312126910e+02,2.184030330913554963e+01,3.626820631385672300e+01
2.223406397325435080e+02,1.256888536459259882e+02,2.144422682318216289e+01,3.626480330425171417e+01
2.252627559608628758e+02,1.279991352131328881e+02,2.101414297890363514e+01,3.633279836041378985e+01
2.278177978918849931e+02,1.292755989803469276e+02,2.055321966879495221e+01,3.633706747565321393e+01
2.287206470420571804e+02,1.323929934055436490e+02,2.005735843854370160e+01,3.638325452109424418e+01
2.297241403470161742e+02,1.350634100546884042e+02,1.957549909333332039e+01,3.640653300115329216e+01
2.316392509979201577e+02,1.343590920821784493e+02,1.899809046919168054e+01,3.640428741187957939e+01
2.296226287212051034e+02,1.343263475692110092e+02,1.862337936549968731e+01,3.631750707427403313e+01
2.285433521422806677e+02,1.350610436269987531e+02,1.824190471236263988e+01,3.618309638738406875e+01
2.274704846004456726e+02,1.358129632522288830e+02,1.837498352052125483e+01,3.612544534149333231e+01
2.234137004341324086e+02,1.337741166360127352e+02,1.872022010655720692e+01,3.612823743416970501e+01
2.221313855997755979e+02,1.341785459746360516e+02,1.912907744327333148e+01,3.630972656941790433e+01
2.199370270363881161e+02,1.348514006164261048e+02,1.939257852443924435e+01,3.667949877627694377e+01
2.192530392998252182e+02,1.322862169457191612e+02,1.993822326113496501e+01,3.699258707755342357e+01
2.154750854225027865e+02,1.278575707308446141e+02,2.041371408027509915e+01,3.730738109339482378e+01
2.133566477083088841e+02,1.272959933588018515e+02,2.083899792678886342e+01,3.751130020267920884e+01
2.094549279445971592e+02,1.272333286432691324e+02,2.151547448259566409e+01,3.748946630686462811e+01
2.087945519384543331e+02,1.224373144521221803e+02,2.213402844290700955e+01,3.744449615062838177e+01
2.072767706923306434e+02,1.144322438176602645e+02,2.266111094426568684e+01,3.738042278970999632e+01
2.063205055340471290e+02,1.104080161461174328e+02,2.300478672024513571e+01,3.743280391399179052e+01
2.073649473243862644e+02,1.055863950846616603e+02,2.325617156859124179e+01,3.758997929184266695e+01
2.092936372369807998e+02,1.006963691024970444e+02,2.331995201372080828e+01,3.791927096568289812e+01
2.122595893624530277e+02,9.538259968239600539e+01,2.333502760480922689e+01,3.829379920705713403e+01
2.137855875194736655e+02,9.066508684569947718e+01,2.316202148131708327e+01,3.876469757566403018e+01
2.165638750730824995e+02,8.747174570570831520e+01,2.307836124785222864e+01,3.908996940041615176e+01
2.180695267221561551e+02,8.805858401613298270e+01,2.294189418292879168e+01,3.933630188053754750e+01
2.182812876939100590e+02,8.363196090444859010e+01,2.302159181215981221e+01,3.931362969805451257e+01
2.185928487907507929e+02,8.604890012387694753e+01,2.286145709983080110e+01,3.929975165314439778e+01
2.184389410501561883e+02,9.043948681725362349e+01,2.253495238988864457e+01,3.927489299472574658e+01
2.155795473984982493e+02,9.216309401950536540e+01,2.222913496376088460e+01,3.912793410528368554e+01
2.141616512701845636e+02,9.496220704439527083e+01,2.173401278991212848e+01,3.906553962492056087e+01
2.124080180515531424e+02,9.562312594982923031e+01,2.112752019569794015e+01,3.901009467256800178e+01
2.084209153296497163e+02,9.990958232277216666e+01,2.042123350803822746e+01,3.897023816525603479e+01
2.025808325631516880e+02,1.033467426667999689e+02,1.949713892214867883e+01,3.883570944983370055e+01
1.963772406216007198e+02,1.058524706051321260e+02,1.869077908356271678e+01,3.858451025818361302e+01
1.901752534860594324e+02,1.097801348309604350e+02,1.797355121889745533e+01,3.825035879393280425e+01
1.827798001519203979e+02,1.137190862812128813e+02,1.737610765476594565e+01,3.770046077256556316e+01
1.746717381320255527e+02,1.181055285268717228e+02,1.696695155651093501e+01,3.709079098103154593e+01
1.650228809499122917e+02,1.217792748401162726e+02,1.646750710981405064e+01,3.644571141398765235e+01
1.584506821280794213e+02,1.257095664779489255e+02,1.604117804808413439e+01,3.571714192659251808e+01
1.500136703971987799e+02,1.268543994584342585e+02,1.563221619371250881e+01,3.495990475054072988e+01
1.376333078820843809e+02,1.296524052067362902e+02,1.550632120807784986e+01,3.414958067258763208e+01
1.315272793996868188e+02,1.306974051700723294e+02,1.519021134375765314e+01,3.337025910292925346e+01
1.275588102132480230e+02,1.297268590706262330e+02,1.485316941185462269e+01,3.261314846703126591e+01
1.165149372477012832e+02,1.296687680198002397e+02,1.465095291255170196e+01,3.180143576804496774e+01
1.145410050610217070e+02,1.247048025303548400e+02,1.430444714270521445e+01,3.102761642572377809e+01
1.066016218552567807e+02,1.234579750159919485e+02,1.403605974532914047e+01,3.015789308554506931e+01
1.044389770055808526e+02,1.172091561152376471e+02,1.371197292067945739e+01,2.934602889630085087e+01
1.007063503922929328e+02,1.133226891140989494e+02,1.345834312672293720e+01,2.856938687902263041e+01
1.006590053232775119e+02,1.066879745823811447e+02,1.318927401053591097e+01,2.790557484140433075e+01
1.000156760568254555e+02,1.007438058166976163e+02,1.294545331646239106e+01,2.737361735401425733e+01
1.001948015746880003e+02,9.721576608608965842e+01,1.264004203830620554e+01,2.696344592097558746e+01
1.033253161191368150e+02,9.008511786372659458e+01,1.241294602031383931e+01,2.664828543830944341e+01
1.055497254139629888e+02,8.457665887822844297e+01,1.250084917868744583e+01,2.647236423836035613e+01
1.090067460879089936e+02,7.971304416403432924e+01,1.258813265413539284e+01,2.630761472912568877e+01
1.195921535478589135e+02,7.465851155446678433e+01,1.278378625631785326e+01,2.616834312794696871e+01
1.270788634740685978e+02,6.845509147917002224e+01,1.291861435728445429e+01,2.597873952699659128e+01
1.330452907755349656e+02,6.307009665699699497e+01,1.306677369590738635e+01,2.580029470467964359e+01
1.415592735224267358e+02,5.795827649769857715e+01,1.324200984506293821e+01,2.563467972405884154e+01
1.514110473970719681e+02,5.663787308624887373e+01,1.353207552986526707e+01,2.551618078111400223e+01
1.607481799516826584e+02,5.439523994145497454e+01,1.379523466820091926e+01,2.539848065737922411e+01
1.698094757659096103e+02,5.450046456856911448e+01,1.404974186233039291e+01,2.535915470252105308e+01
1.780746603974600930e+02,5.545823313746313943e+01,1.426594598223721277e+01,2.545099388570938004e+01
1.859786889307721367e+02,5.664048861331815488e+01,1.448579253026841229e+01,2.560041782917554087e+01
1.926961913965776887e+02,6.011751316855972505e+01,1.469240874825379706e+01,2.586511737306636860e+01
1.982664433292338231e+02,6.209164744885588050e+01,1.501652456821136639e+01,2.616794428120685723e+01
2.033110624374975828e+02,6.601559746672811002e+01,1.536619333957054323e+01,2.655477365791702482e+01
2.062017483528274511e+02,7.041990218469882734e+01,1.577486277536294779e+01,2.689275617536101493e+01
2.080601453619644019e+02,7.473705469210403862e+01,1.616861845973349432e+01,2.719709852639944359e+01
2.093944292155678966e+02,8.088996667119322126e+01,1.658026569844165010e+01,2.745300590177834010e+01
2.106853450892099602e+02,8.654081711828399648e+01,1.700359427083358810e+01,2.764520263440005010e+01
2.114506190260711094e+02,9.084818647442668293e+01,1.739742735648363237e+01,2.791550438999188088e+01
2.122509748312179454e+02,9.503541850137872871e+01,1.783926213198571986e+01,2.821437824117768400e+01
2.132320515933222680e+02,9.970677309810369593e+01,1.839002723744195578e+01,2.863255868189582998e+01
2.112633586492402173e+02,1.044009542449253729e+02,1.884805225568706533e+01,2.916940348984181242e+01
2.123695322282114830e+02,1.064020551284330054e+02,1.943262235635890534e+01,2.959212961674165854e+01
2.110827664721077497e+02,1.087011867609338651e+02,1.989922785850507125e+01,3.008070656325605796e+01
2.066316901508537001e+02,1.142874287208471031e+02,2.028741495898830749e+01,3.051796659869889083e+01
2.040255964147081613e+02,1.173895012890635314e+02,2.080038602611446663e+01,3.093378894564031611e+01
2.019044993994919253e+02,1.191776739014612474e+02,2.181256429530145624e+01,3.108996253194729320e+01
1.968175016904168615e+02,1.187083950027871282e+02,2.269738692583226225e+01,3.125951347945472492e+01
1.956660795216695874e+02,1.186284962774633414e+02,2.367433735425589703e+01,3.141029459730162898e+01
1.932367896414011170e+02,1.168763101808532667e+02,2.460760929295878441e+01,3.179983044837325679e+01
1.923599063441977819e+02,1.110053272334634755e+02,2.540463422460302922e+01,3.240538857778832948e+01
1.924241123712149317e+02,1.072402288753847586e+02,2.608360657807131133e+01,3.312851564964705631e+01
1.963396816927973418e+02,1.020206988971865769e+02,2.688678704970411104e+01,3.379392757368782441e+01
2.013858596400502563e+02,9.706986538981651336e+01,2.783852632893680834e+01,3.433319905938925842e+01
2.065556059187929918e+02,9.123922191697874950e+01,2.869328428190578961e+01,3.560985989356908021e+01
2.092527745105664110e+02,8.660903825612163587e+01,2.973763979224193577e+01,3.681808895473248811e+01
2.131747385294402193e+02,8.357594369135611601e+01,3.090953456248382736e+01,3.802656544672151995e+01
2.161522391677576138e+02,7.931221654599086435e+01,3.211760822096101720e+01,3.913717300967410040e+01
2.186683194001641084e+02,7.542443840415404566e+01,3.317482427907080478e+01,4.013587795467240937e+01
2.202991948046199013e+02,7.374094746753090135e+01,3.410022469198725048e+01,4.108021624088917179e+01
2.227956411113120225e+02,6.858401600063025683e+01,3.527735899765889371e+01,4.190026915863928991e+01
2.258076520366330158e+02,6.873120568436945632e+01,3.584471217267790166e+01,4.274975813548238079e+01
2.242594059870719434e+02,7.172629564114876644e+01,3.609921323402204507e+01,4.348279199267390993e+01
2.239035117001723449e+02,7.475871773123874675e+01,3.614504619209068892e+01,4.410161398532535770e+01
2.203305583068135718e+02,7.636207923772818162e+01,3.628395005651762517e+01,4.449713586717567182e+01
2.173304930295279007e+02,8.088291165412050532e+01,3.708888718797496153e+01,4.478399767620621219e+01
2.129691565107681583e+02,8.531882767735885409e+01,3.780791069359852941e+01,4.483328459383486120e+01
2.082155005426761534e+02,9.153016620902570821e+01,3.831232879606147890e+01,4.476881171877769816e+01
2.015197169722540878e+02,9.592293633049698087e+01,3.851416083488808795e+01,4.459402394092367672e+01
1.953108705960300995e+02,1.022080996006917815e+02,3.847859702687460981e+01,4.428233715965322403e+01
1.864905795484417013e+02,1.058094461973982021e+02,3.822766486957567622e+01,4.395263048632962466e+01
1.786535017710386057e+02,1.116983863703896844e+02,3.774545324242455990e+01,4.357690326447156792e+01
1.699921118704329785e+02,1.147001667756242682e+02,3.719241264301436445e+01,4.326824354199990808e+01
1.603249746012176900e+02,1.184001111317974164e+02,3.649268388492646409e+01,4.293114888705122212e+01
1.498599242374050107e+02,1.211069536514674212e+02,3.572789785066200352e+01,4.262362275168524661e+01
1.409205475057906938e+02,1.231644170408506938e+02,3.482147707785568969e+01,4.222070222518324556e+01
1.306599866700544794e+02,1.265838738694493202e+02,3.378748157552664111e+01,4.194050360093342533e+01
1.213682465363544765e+02,1.260047040394026112e+02,3.280752248647810632e+01,4.137368851766990474e+01
1.146905377414601048e+02,1.227394336057624997e+02,3.177557860036617399e+01,4.071519500286656523e+01
1.091952369117401531e+02,1.194077509114005267e+02,3.090854697355899816e+01,3.989815457519442532e+01
1.066580258966298942e+02,1.145531448304397202e+02,3.010646910227090700e+01,3.900886833466447001e+01
1.049574610350909438e+02,1.102897263851181719e+02,2.952588093810402370e+01,3.807653660884673741e+01
1.062260624612110007e+02,1.053407894652802099e+02,2.909815131089141005e+01,3.714572877215118751e+01
1.041633139802413410e+02,9.845860702313119361e+01,2.852900593162745224e+01,3.630378894129337652e+01
